;
;FlexTrack Subsection
;
;Subsumes almost all STR, DTR and STR/DTR Puzzle Piece Equivalents to draggable components with Additional functionality 
;
;;;---(Coded by eggman121)-(!Special thanks to MEMO for the INRUL Rotation tool and Shadows Assassin for the INRULER Spreadsheet!)
;
;(Credit to Swordmaster for Texture bases)
;
;---------Start of FlexTrack Subsection--------
;
; A2_Type_1_Orthogonal
;
1,2,0,2,2
2,1,2,0,2,0
2,5,2,0,2,2
2,6,2,2,2,0
2,7,0,2,2,0
2,9,2,0,2,0
2,18,2,0,2,0
3,0,0x53948200,0,0
3,1,0x53948100,0,0
3,5,0x53948300,0,0
3,6,0x53948500,0,0
3,7,0x53948400,0,0
3,9,0x53948000,0,0
3,18,0x53948600,0,0
;
1,2,2,0,2
2,1,0,0,2,2
2,3,0,2,0,2
2,7,2,2,0,2
2,8,0,2,2,2
2,13,0,2,0,2
2,22,0,2,0,2
3,0,0x53948200,1,0
3,1,0x53948400,1,0
3,3,0x53948100,1,0
3,7,0x53948300,1,0
3,8,0x53948500,1,0
3,13,0x53948000,1,0
3,22,0x53948600,1,0
;
1,2,2,2,0
2,1,2,2,2,0
2,2,2,0,2,2
2,3,2,0,0,2
2,5,2,0,2,0
2,10,2,0,2,0
2,17,2,0,2,0
3,0,0x53948200,2,0
3,1,0x53948300,2,0
3,2,0x53948500,2,0
3,3,0x53948400,2,0
3,5,0x53948100,2,0
3,10,0x53948600,2,0
3,17,0x53948000,2,0
;
1,0,2,2,2
2,3,0,2,2,2
2,4,2,2,0,2
2,5,2,2,0,0
2,7,0,2,0,2
2,14,0,2,0,2
2,21,0,2,0,2
3,0,0x53948200,3,0
3,3,0x53948300,3,0
3,4,0x53948500,3,0
3,5,0x53948400,3,0
3,7,0x53948100,3,0
3,14,0x53948600,3,0
3,21,0x53948000,3,0
;
1,2,0,2,2
2,1,2,0,2,2
2,5,2,0,2,0
2,7,2,2,0,0
2,8,2,2,2,0
2,17,2,0,2,0
2,24,2,0,2,0
3,0,0x53948200,0,1
3,1,0x53948300,0,1
3,5,0x53948100,0,1
3,7,0x53948400,0,1
3,8,0x53948500,0,1
3,17,0x53948000,0,1
3,24,0x53948600,0,1
;
1,0,2,2,2
2,3,0,2,0,2
2,5,2,0,0,2
2,6,2,2,0,2
2,7,0,2,2,2
2,13,0,2,0,2
2,20,0,2,0,2
3,0,0x53948200,1,1
3,3,0x53948100,1,1
3,5,0x53948400,1,1
3,6,0x53948500,1,1
3,7,0x53948300,1,1
3,13,0x53948000,1,1
3,20,0x53948600,1,1
;
1,2,2,2,0
2,1,2,0,2,0
2,3,0,0,2,2
2,4,2,0,2,2
2,5,2,2,2,0
2,9,2,0,2,0
2,16,2,0,2,0
3,0,0x53948200,2,1
3,1,0x53948100,2,1
3,3,0x53948400,2,1
3,4,0x53948500,2,1
3,5,0x53948300,2,1
3,9,0x53948000,2,1
3,16,0x53948600,2,1
;
1,2,2,0,2
2,1,0,2,2,0
2,2,0,2,2,2
2,3,2,2,0,2
2,7,0,2,0,2
2,12,0,2,0,2
2,21,0,2,0,2
3,0,0x53948200,3,1
3,1,0x53948400,3,1
3,2,0x53948500,3,1
3,3,0x53948300,3,1
3,7,0x53948100,3,1
3,12,0x53948600,3,1
3,21,0x53948000,3,1
;
;A1_Orthogonal
;
1,2,0,2,2
2,1,2,0,2,0
2,6,2,0,2,0
2,7,0,2,2,0
2,9,2,0,2,0
2,18,2,0,2,0
3,0,0x53940200,0,0
3,1,0x53940100,0,0
3,6,0x53940500,0,0
3,7,0x53940400,0,0
3,9,0x53940000,0,0
3,18,0x53940600,0,0
;
1,2,2,0,2
2,1,0,0,2,2
2,3,0,2,0,2
2,8,0,2,0,2
2,13,0,2,0,2
2,22,0,2,0,2
3,0,0x53940200,1,0
3,1,0x53940400,1,0
3,3,0x53940100,1,0
3,8,0x53940500,1,0
3,13,0x53940000,1,0
3,22,0x53940600,1,0
;
1,2,2,2,0
2,2,2,0,2,0
2,3,2,0,0,2
2,5,2,0,2,0
2,10,2,0,2,0
2,17,2,0,2,0
3,0,0x53940200,2,0
3,2,0x53940500,2,0
3,3,0x53940400,2,0
3,5,0x53940100,2,0
3,10,0x53940600,2,0
3,17,0x53940000,2,0
;
1,0,2,2,2
2,4,0,2,0,2
2,5,2,2,0,0
2,7,0,2,0,2
2,14,0,2,0,2
2,21,0,2,0,2
3,0,0x53940200,3,0
3,4,0x53940500,3,0
3,5,0x53940400,3,0
3,7,0x53940100,3,0
3,14,0x53940600,3,0
3,21,0x53940000,3,0
;
1,2,0,2,2
2,5,2,0,2,0
2,7,2,2,0,0
2,8,2,0,2,0
2,17,2,0,2,0
2,24,2,0,2,0
3,0,0x53940200,0,1
3,5,0x53940100,0,1
3,7,0x53940400,0,1
3,8,0x53940500,0,1
3,17,0x53940000,0,1
3,24,0x53940600,0,1
;
1,0,2,2,2
2,3,0,2,0,2
2,5,2,0,0,2
2,6,0,2,0,2
2,13,0,2,0,2
2,20,0,2,0,2
3,0,0x53940200,1,1
3,3,0x53940100,1,1
3,5,0x53940400,1,1
3,6,0x53940500,1,1
3,13,0x53940000,1,1
3,20,0x53940600,1,1
;
1,2,2,2,0
2,1,2,0,2,0
2,3,0,0,2,2
2,4,2,0,2,0
2,9,2,0,2,0
2,16,2,0,2,0
3,0,0x53940200,2,1
3,1,0x53940100,2,1
3,3,0x53940400,2,1
3,4,0x53940500,2,1
3,9,0x53940000,2,1
3,16,0x53940600,2,1
;
1,2,2,0,2
2,1,0,2,2,0
2,2,0,2,0,2
2,7,0,2,0,2
2,12,0,2,0,2
2,21,0,2,0,2
3,0,0x53940200,3,1
3,1,0x53940400,3,1
3,2,0x53940500,3,1
3,7,0x53940100,3,1
3,12,0x53940600,3,1
3,21,0x53940000,3,1
;
;D1_Orthogonal
;
1,2,0,2,2
2,1,2,0,2,0
2,5,2,0,2,2
2,6,0,2,2,0
2,7,0,2,0,0
2,9,2,0,2,0
2,17,2,0,2,0
2,18,2,0,2,0
3,0,0x53940900,0,0
3,1,0x53940800,0,0
3,5,0x53940A00,0,0
3,6,0x53940500,0,0
3,7,0x53940400,0,0
3,9,0x53940700,0,0
3,17,0x53940B00,0,0
3,18,0x53940600,0,0
;
1,2,2,0,2
2,1,0,0,2,0
2,3,0,2,0,2
2,7,2,2,0,2
2,8,0,0,2,2
2,13,0,2,0,2
2,21,0,2,0,2
2,22,0,2,0,2
3,0,0x53940900,1,0
3,1,0x53940400,1,0
3,3,0x53940800,1,0
3,7,0x53940A00,1,0
3,8,0x53940500,1,0
3,13,0x53940700,1,0
3,21,0x53940B00,1,0
3,22,0x53940600,1,0
;
1,2,2,2,0
2,1,2,2,2,0
2,2,2,0,0,2
2,3,0,0,0,2
2,5,2,0,2,0
2,9,2,0,2,0
2,10,2,0,2,0
2,17,2,0,2,0
3,0,0x53940900,2,0
3,1,0x53940A00,2,0
3,2,0x53940500,2,0
3,3,0x53940400,2,0
3,5,0x53940800,2,0
3,9,0x53940B00,2,0
3,10,0x53940600,2,0
3,17,0x53940700,2,0
;
1,0,2,2,2
2,3,0,2,2,2
2,4,2,2,0,0
2,5,2,0,0,0
2,7,0,2,0,2
2,13,0,2,0,2
2,14,0,2,0,2
2,21,0,2,0,2
3,0,0x53940900,3,0
3,3,0x53940A00,3,0
3,4,0x53940500,3,0
3,5,0x53940400,3,0
3,7,0x53940800,3,0
3,13,0x53940B00,3,0
3,14,0x53940600,3,0
3,21,0x53940700,3,0
;
1,2,0,2,2
2,1,2,0,2,2
2,5,2,0,2,0
2,7,0,2,0,0
2,8,2,2,0,0
2,9,2,0,2,0
2,17,2,0,2,0
2,24,2,0,2,0
3,0,0x53940900,0,1
3,1,0x53940A00,0,1
3,5,0x53940800,0,1
3,7,0x53940400,0,1
3,8,0x53940500,0,1
3,9,0x53940B00,0,1
3,17,0x53940700,0,1
3,24,0x53940600,0,1
;
1,0,2,2,2
2,3,0,2,0,2
2,5,2,0,0,0
2,6,2,0,0,2
2,7,0,2,2,2
2,13,0,2,0,2
2,20,0,2,0,2
2,21,0,2,0,2
3,0,0x53940900,1,1
3,3,0x53940800,1,1
3,5,0x53940400,1,1
3,6,0x53940500,1,1
3,7,0x53940A00,1,1
3,13,0x53940700,1,1
3,20,0x53940600,1,1
3,21,0x53940B00,1,1
;
1,2,2,2,0
2,1,2,0,2,0
2,3,0,0,0,2
2,4,0,0,2,2
2,5,2,2,2,0
2,9,2,0,2,0
2,16,2,0,2,0
2,17,2,0,2,0
3,0,0x53940900,2,1
3,1,0x53940800,2,1
3,3,0x53940400,2,1
3,4,0x53940500,2,1
3,5,0x53940A00,2,1
3,9,0x53940700,2,1
3,16,0x53940600,2,1
3,17,0x53940B00,2,1
;
1,2,2,0,2
2,1,0,0,2,0
2,2,0,2,2,0
2,3,2,2,0,2
2,7,0,2,0,2
2,12,0,2,0,2
2,13,0,2,0,2
2,21,0,2,0,2
3,0,0x53940900,3,1
3,1,0x53940400,3,1
3,2,0x53940500,3,1
3,3,0x53940A00,3,1
3,7,0x53940800,3,1
3,12,0x53940600,3,1
3,13,0x53940B00,3,1
3,21,0x53940700,3,1
;
;B2_R3_Othogonal
;
1,32,0,2,1
2,1,2,0,32,0
2,7,0,1,13,0
2,9,2,0,2,0
3,0,0x53949300,0,0
3,1,0x53949100,0,0
3,7,0x531e3000,0,0
3,9,0x53949000,0,0
;
1,1,32,0,2
2,1,0,0,1,13
2,3,0,2,0,32
2,13,0,2,0,2
3,0,0x53949300,1,0
3,1,0x531e3000,1,0
3,3,0x53949100,1,0
3,13,0x53949000,1,0
;
1,2,1,32,0
2,3,13,0,0,1
2,5,32,0,2,0
2,17,2,0,2,0
3,0,0x53949300,2,0
3,3,0x531e3000,2,0
3,5,0x53949100,2,0
3,17,0x53949000,2,0
;
1,0,2,1,32
2,5,1,13,0,0
2,7,0,32,0,2
2,21,0,2,0,2
3,0,0x53949300,3,0
3,5,0x531e3000,3,0
3,7,0x53949100,3,0
3,21,0x53949000,3,0
;
1,2,0,52,3
2,5,52,0,2,0
2,7,11,3,0,0
2,17,2,0,2,0
3,0,0x53949300,0,1
3,5,0x53949100,0,1
3,7,0x531e3000,0,1
3,17,0x53949000,0,1
;
1,0,52,3,2
2,3,0,2,0,52
2,5,3,0,0,11
2,13,0,2,0,2
3,0,0x53949300,1,1
3,3,0x53949100,1,1
3,5,0x531e3000,1,1
3,13,0x53949000,1,1
;
1,52,3,2,0
2,1,2,0,52,0
2,3,0,0,11,3
2,9,2,0,2,0
3,0,0x53949300,2,1
3,1,0x53949100,2,1
3,3,0x531e3000,2,1
3,9,0x53949000,2,1
;
1,3,2,0,52
2,1,0,11,3,0
2,7,0,52,0,2
2,21,0,2,0,2
3,0,0x53949300,3,1
3,1,0x531e3000,3,1
3,7,0x53949100,3,1
3,21,0x53949000,3,1
;
;B2_R2_Orthogonal
;
1,2,0,32,2
2,1,2,0,2,0
2,5,32,0,2,1
2,6,0,1,3,0
2,7,0,2,0,0
2,18,3,0,0,1
3,0,0x53949500,0,0
3,1,0x53949400,0,0
3,5,0x53949600,0,0
3,6,0x531Ec000,0,0
3,7,0x531Eb000,0,0
3,18,0x531Ed000,0,0
;
1,2,2,0,32
2,1,0,0,2,0
2,3,0,2,0,2
2,7,1,32,0,2
2,8,0,0,1,3
2,22,1,3,0,0
3,0,0x53949500,1,0
3,1,0x531Eb000,1,0
3,3,0x53949400,1,0
3,7,0x53949600,1,0
3,8,0x531Ec000,1,0
3,22,0x531Ed000,1,0
;
1,32,2,2,0
2,1,2,1,32,0
2,2,3,0,0,1
2,3,0,0,0,2
2,5,2,0,2,0
2,10,0,1,3,0
3,0,0x53949500,2,0
3,1,0x53949600,2,0
3,2,0x531Ec000,2,0
3,3,0x531Eb000,2,0
3,5,0x53949400,2,0
3,10,0x531Ed000,2,0
;
1,0,32,2,2
2,3,0,2,1,32
2,4,1,3,0,0
2,5,2,0,0,0
2,7,0,2,0,2
2,14,0,0,1,3
3,0,0x53949500,3,0
3,3,0x53949600,3,0
3,4,0x531Ec000,3,0
3,5,0x531Eb000,3,0
3,7,0x53949400,3,0
3,14,0x531Ed000,3,0
;
1,52,0,2,2
2,1,2,0,52,3
2,5,2,0,2,0
2,7,0,2,0,0
2,8,1,3,0,0
2,24,0,0,1,3
3,0,0x53949500,0,1
3,1,0x53949600,0,1
3,5,0x53949400,0,1
3,7,0x531Eb000,0,1
3,8,0x531Ec000,0,1
3,24,0x531Ed000,0,1
;
1,0,2,2,52
2,3,0,2,0,2
2,5,2,0,0,0
2,6,3,0,0,1
2,7,0,52,3,2
2,20,0,1,3,0
3,0,0x53949500,1,1
3,3,0x53949400,1,1
3,5,0x531Eb000,1,1
3,6,0x531Ec000,1,1
3,7,0x53949600,1,1
3,20,0x531Ed000,1,1
;
1,2,2,52,0
2,1,2,0,2,0
2,3,0,0,0,2
2,4,0,0,1,3
2,5,52,3,2,0
2,16,1,3,0,0
3,0,0x53949500,2,1
3,1,0x53949400,2,1
3,3,0x531Eb000,2,1
3,4,0x531Ec000,2,1
3,5,0x53949600,2,1
3,16,0x531Ed000,2,1
;
1,2,52,0,2
2,1,0,0,2,0
2,2,0,1,3,0
2,3,3,2,0,52
2,7,0,2,0,2
2,12,3,0,0,1
3,0,0x53949500,3,1
3,1,0x531Eb000,3,1
3,2,0x531Ec000,3,1
3,3,0x53949600,3,1
3,7,0x53949400,3,1
3,12,0x531Ed000,3,1
;
;R2_Curve 
;
1,2,0,13,2
2,1,2,0,2,0
2,5,13,0,0,1
2,6,0,1,3,0
2,7,0,2,0,0
2,18,3,0,0,1
3,0,0x531E9000,0,0
3,1,0x531E8000,0,0
3,5,0x531Ea000,0,0
3,6,0x531Ec000,0,0
3,7,0x531Eb000,0,0
3,18,0x531Ed000,0,0
;
1,2,2,0,13
2,1,0,0,2,0
2,3,0,2,0,2
2,7,1,13,0,0
2,8,0,0,1,3
2,22,1,3,0,0
3,0,0x531E9000,1,0
3,1,0x531Eb000,1,0
3,3,0x531E8000,1,0
3,7,0x531Ea000,1,0
3,8,0x531Ec000,1,0
3,22,0x531Ed000,1,0
;
1,13,2,2,0
2,1,0,1,13,0
2,2,3,0,0,1
2,3,0,0,0,2
2,5,2,0,2,0
2,10,0,1,3,0
3,0,0x531E9000,2,0
3,1,0x531Ea000,2,0
3,2,0x531Ec000,2,0
3,3,0x531Eb000,2,0
3,5,0x531E8000,2,0
3,10,0x531Ed000,2,0
;
1,0,13,2,2
2,3,0,0,1,13
2,4,1,3,0,0
2,5,2,0,0,0
2,7,0,2,0,2
2,14,0,0,1,3
3,0,0x531E9000,3,0
3,3,0x531Ea000,3,0
3,4,0x531Ec000,3,0
3,5,0x531Eb000,3,0
3,7,0x531E8000,3,0
3,14,0x531Ed000,3,0
;
1,11,0,2,2
2,1,0,0,11,3
2,5,2,0,2,0
2,7,0,2,0,0
2,8,1,3,0,0
2,24,0,0,1,3
3,0,0x531E9000,0,1
3,1,0x531Ea000,0,1
3,5,0x531E8000,0,1
3,7,0x531Eb000,0,1
3,8,0x531Ec000,0,1
3,24,0x531Ed000,0,1
;
1,0,2,2,11
2,3,0,2,0,2
2,5,2,0,0,0
2,6,3,0,0,1
2,7,0,11,3,0
2,20,0,1,3,0
3,0,0x531E9000,1,1
3,3,0x531E8000,1,1
3,5,0x531Eb000,1,1
3,6,0x531Ec000,1,1
3,7,0x531Ea000,1,1
3,20,0x531Ed000,1,1
;
1,2,2,11,0
2,1,2,0,2,0
2,3,0,0,0,2
2,4,0,0,1,3
2,5,11,3,0,0
2,16,1,3,0,0
3,0,0x531E9000,2,1
3,1,0x531E8000,2,1
3,3,0x531Eb000,2,1
3,4,0x531Ec000,2,1
3,5,0x531Ea000,2,1
3,16,0x531Ed000,2,1
;
1,2,11,0,2
2,1,0,0,2,0
2,2,0,1,3,0
2,3,3,0,0,11
2,7,0,2,0,2
2,12,3,0,0,1
3,0,0x531E9000,3,1
3,1,0x531Eb000,3,1
3,2,0x531Ec000,3,1
3,3,0x531Ea000,3,1
3,7,0x531E8000,3,1
3,12,0x531Ed000,3,1
;
;R3_Curve_Part_1
;
1,13,0,0,1
2,1,2,0,13,0
2,7,0,1,13,0
2,9,2,0,2,0
3,0,0x531E2000,0,0
3,1,0x531E1000,0,0
3,7,0x531E3000,0,0
3,9,0x531E0000,0,0
;
1,1,13,0,0
2,1,0,0,1,13
2,3,0,2,0,13
2,13,0,2,0,2
3,0,0x531E2000,1,0
3,1,0x531E3000,1,0
3,3,0x531E1000,1,0
3,13,0x531E0000,1,0
;
1,0,1,13,0
2,3,13,0,0,1
2,5,13,0,2,0
2,17,2,0,2,0
3,0,0x531E2000,2,0
3,3,0x531E3000,2,0
3,5,0x531E1000,2,0
3,17,0x531E0000,2,0
;
1,0,0,1,13
2,5,1,13,0,0
2,7,0,13,0,2
2,21,0,2,0,2
3,0,0x531E2000,3,0
3,5,0x531E3000,3,0
3,7,0x531E1000,3,0
3,21,0x531E0000,3,0
;
1,0,0,11,3
2,5,11,0,2,0
2,7,11,3,0,0
2,17,2,0,2,0
3,0,0x531E2000,0,1
3,5,0x531E1000,0,1
3,7,0x531E3000,0,1
3,17,0x531E0000,0,1
;
1,0,11,3,0
2,3,0,2,0,11
2,5,3,0,0,11
2,13,0,2,0,2
3,0,0x531E2000,1,1
3,3,0x531E1000,1,1
3,5,0x531E3000,1,1
3,13,0x531E0000,1,1
;
1,11,3,0,0
2,1,2,0,11,0
2,3,0,0,11,3
2,9,2,0,2,0
3,0,0x531E2000,2,1
3,1,0x531E1000,2,1
3,3,0x531E3000,2,1
3,9,0x531E0000,2,1
;
1,3,0,0,11
2,1,0,11,3,0
2,7,0,11,0,2
2,21,0,2,0,2
3,0,0x531E2000,3,1
3,1,0x531E3000,3,1
3,7,0x531E1000,3,1
3,21,0x531E0000,3,1
;
;R3_Curve_Part_2
;
1,0,13,0,13
2,3,0,0,1,13
2,4,1,3,0,0
2,14,0,0,1,3
3,0,0x531e4000,3,0
3,3,0x531e5000,3,0
3,4,0x531e6000,3,0
3,14,0x531e7000,3,0
;
1,13,0,13,0
2,5,13,0,0,1
2,6,0,1,3,0
2,18,3,0,0,1
3,0,0x531e4000,0,0
3,5,0x531e5000,0,0
3,6,0x531e6000,0,0
3,18,0x531e7000,0,0
;
1,0,13,0,13
2,7,1,13,0,0
2,8,0,0,1,3
2,22,1,3,0,0
3,0,0x531e4000,1,0
3,7,0x531e5000,1,0
3,8,0x531e6000,1,0
3,22,0x531e7000,1,0
;
1,13,0,13,0
2,1,0,1,13,0
2,2,3,0,0,1
2,10,0,1,3,0
3,0,0x531e4000,2,0
3,1,0x531e5000,2,0
3,2,0x531e6000,2,0
3,10,0x531e7000,2,0
;
1,11,0,11,0
2,1,0,0,11,3
2,8,1,3,0,0
2,24,0,0,1,3
3,0,0x531e4000,0,1
3,1,0x531e5000,0,1
3,8,0x531e6000,0,1
3,24,0x531e7000,0,1
;
1,0,11,0,11
2,6,3,0,0,1
2,7,0,11,3,0
2,20,0,1,3,0
3,0,0x531e4000,1,1
3,6,0x531e6000,1,1
3,7,0x531e5000,1,1
3,20,0x531e7000,1,1
;
1,11,0,11,0
2,4,0,0,1,3
2,5,11,3,0,0
2,16,1,3,0,0
3,0,0x531e4000,2,1
3,4,0x531e6000,2,1
3,5,0x531e5000,2,1
3,16,0x531e7000,2,1
;
1,0,11,0,11
2,2,0,1,3,0
2,3,3,0,0,11
2,12,3,0,0,1
3,0,0x531e4000,3,1
3,2,0x531e6000,3,1
3,3,0x531e5000,3,1
3,12,0x531e7000,3,1
;
;B1_Orthogonal_(Needs Additional RUL2 to complete curve)
;
1,2,0,2,2
2,1,2,0,2,0
2,6,2,0,13,0
2,7,0,2,2,0
2,9,2,0,2,0
2,18,13,0,0,1
2,19,0,1,3,0
3,0,0x53941200,0,0
3,1,0x53941100,0,0
3,6,0x53941600,0,0
3,7,0x53941500,0,0
3,9,0x53941000,0,0
3,18,0x53941700,0,0
3,19,0x53941800,0,0
;
1,2,2,0,2
2,1,0,0,2,2
2,3,0,2,0,2
2,8,0,2,0,13
2,13,0,2,0,2
2,22,1,13,0,0
2,23,0,0,1,3
3,0,0x53941200,1,0
3,1,0x53941500,1,0
3,3,0x53941100,1,0
3,8,0x53941600,1,0
3,13,0x53941000,1,0
3,22,0x53941700,1,0
3,23,0x53941800,1,0
;
1,2,2,2,0
2,2,13,0,2,0
2,3,2,0,0,2
2,5,2,0,2,0
2,10,0,1,13,0
2,11,3,0,0,1
2,17,2,0,2,0
3,0,0x53941200,2,0
3,2,0x53941600,2,0
3,3,0x53941500,2,0
3,5,0x53941100,2,0
3,10,0x53941700,2,0
3,11,0x53941800,2,0
3,17,0x53941000,2,0
;
1,0,2,2,2
2,4,0,13,0,2
2,5,2,2,0,0
2,7,0,2,0,2
2,14,0,0,1,13
2,15,1,3,0,0
2,21,0,2,0,2
3,0,0x53941200,3,0
3,4,0x53941600,3,0
3,5,0x53941500,3,0
3,7,0x53941100,3,0
3,14,0x53941700,3,0
3,15,0x53941800,3,0
3,21,0x53941000,3,0
;
1,2,0,2,2
2,5,2,0,2,0
2,7,2,2,0,0
2,8,11,0,2,0
2,17,2,0,2,0
2,23,1,3,0,0
2,24,0,0,11,3
3,0,0x53941200,0,1
3,5,0x53941100,0,1
3,7,0x53941500,0,1
3,8,0x53941600,0,1
3,17,0x53941000,0,1
3,23,0x53941800,0,1
3,24,0x53941700,0,1
;
1,0,2,2,2
2,3,0,2,0,2
2,5,2,0,0,2
2,6,0,2,0,11
2,13,0,2,0,2
2,19,3,0,0,1
2,20,0,11,3,0
3,0,0x53941200,1,1
3,3,0x53941100,1,1
3,5,0x53941500,1,1
3,6,0x53941600,1,1
3,13,0x53941000,1,1
3,19,0x53941800,1,1
3,20,0x53941700,1,1
;
1,2,2,2,0
2,1,2,0,2,0
2,3,0,0,2,2
2,4,2,0,11,0
2,9,2,0,2,0
2,15,0,0,1,3
2,16,11,3,0,0
3,0,0x53941200,2,1
3,1,0x53941100,2,1
3,3,0x53941500,2,1
3,4,0x53941600,2,1
3,9,0x53941000,2,1
3,15,0x53941800,2,1
3,16,0x53941700,2,1
;
1,2,2,0,2
2,1,0,2,2,0
2,2,0,11,0,2
2,7,0,2,0,2
2,11,0,1,3,0
2,12,3,0,0,11
2,21,0,2,0,2
3,0,0x53941200,3,1
3,1,0x53941500,3,1
3,2,0x53941600,3,1
3,7,0x53941100,3,1
3,11,0x53941800,3,1
3,12,0x53941700,3,1
3,21,0x53941000,3,1
;
;B2_R3_Diagonal_part_1
;
1,13,1,3,0
2,1,0,1,13,0
2,2,13,1,3,1
2,3,3,0,0,1
2,5,3,0,0,1
2,6,0,1,3,0
2,10,2,0,13,0
2,18,3,0,0,1
3,0,0x53959300,0,0
3,5,0x53959200,0,0
3,6,0x53959100,0,0
3,18,0x53959000,0,0
;
1,0,13,1,3
2,3,0,0,1,13
2,4,1,13,1,3
2,5,1,3,0,0
2,7,1,3,0,0
2,8,0,0,1,3
2,14,0,2,0,13
2,22,1,3,0,0
3,0,0x53959300,1,0
3,7,0x53959200,1,0
3,8,0x53959100,1,0
3,22,0x53959000,1,0
;
1,3,0,13,1
2,1,0,1,3,0
2,2,3,0,0,1
2,5,13,0,0,1
2,6,3,1,13,1
2,7,0,1,3,0
2,10,0,1,3,0
2,18,13,0,2,0
3,0,0x53959300,2,0
3,1,0x53959200,2,0
3,2,0x53959100,2,0
3,10,0x53959000,2,0
;
1,1,3,0,13
2,1,0,0,1,3
2,3,0,0,1,3
2,4,1,3,0,0
2,7,1,13,0,0
2,8,1,3,1,13
2,14,0,0,1,3
2,22,0,13,0,2
3,0,0x53959300,3,0
3,3,0x53959200,3,0
3,4,0x53959100,3,0
3,14,0x53959000,3,0
;
1,1,3,11,0
2,1,0,0,1,3
2,3,0,0,1,3
2,4,1,3,11,3
2,5,11,3,0,0
2,8,1,3,0,0
2,16,11,0,2,0
2,24,0,0,1,3
3,0,0x53959300,0,1
3,1,0x53959200,0,1
3,8,0x53959100,0,1
3,24,0x53959000,0,1
;
1,3,11,0,1
2,1,0,1,3,0
2,2,3,11,3,1
2,3,3,0,0,11
2,6,3,0,0,1
2,7,0,1,3,0
2,12,0,2,0,11
2,20,0,1,3,0
3,0,0x53959300,1,1
3,6,0x53959100,1,1
3,7,0x53959200,1,1
3,20,0x53959000,1,1
;
1,11,0,1,3
2,1,0,0,11,3
2,4,0,0,1,3
2,5,1,3,0,0
2,7,1,3,0,0
2,8,11,3,1,3
2,16,1,3,0,0
2,24,2,0,11,0
3,0,0x53959300,2,1
3,4,0x53959100,2,1
3,5,0x53959200,2,1
3,16,0x53959000,2,1
;
1,0,1,3,11
2,2,0,1,3,0
2,3,3,0,0,1
2,5,3,0,0,1
2,6,3,1,3,11
2,7,0,11,3,0
2,12,3,0,0,1
2,20,0,11,0,2
3,0,0x53959300,3,1
3,2,0x53959100,3,1
3,3,0x53959200,3,1
3,12,0x53959000,3,1
;
;Diag B1 From Diagonal DTR (RRW2)
;
1,13,1,3,1
2,1,2,0,13,0
2,5,3,0,0,1
2,6,0,1,3,0
2,7,0,1,0,0
2,9,2,0,2,0
2,18,3,0,0,1
2,19,0,1,3,0
3,0,0x53951600,0,0
3,1,0x53951300,0,0
3,5,0x53951500,0,0
3,6,0x53951200,0,0
3,7,0x53951400,0,0
3,9,0x53951700,0,0
3,18,0x53951100,0,0
3,19,0x53951000,0,0
;
1,1,13,1,3
2,1,0,0,1,0
2,3,0,2,0,13
2,7,1,3,0,0
2,8,0,0,1,3
2,13,0,2,0,2
2,22,1,3,0,0
2,23,0,0,1,3
3,0,0x53951600,1,0
3,1,0x53951400,1,0
3,3,0x53951300,1,0
3,7,0x53951500,1,0
3,8,0x53951200,1,0
3,13,0x53951700,1,0
3,22,0x53951100,1,0
3,23,0x53951000,1,0
;
1,3,1,13,1
2,1,0,1,3,0
2,2,3,0,0,1
2,3,0,0,0,1
2,5,13,0,2,0
2,10,0,1,3,0
2,11,3,0,0,1
2,17,2,0,2,0
3,0,0x53951600,2,0
3,1,0x53951500,2,0
3,2,0x53951200,2,0
3,3,0x53951400,2,0
3,5,0x53951300,2,0
3,10,0x53951100,2,0
3,11,0x53951000,2,0
3,17,0x53951700,2,0
;
1,1,3,1,13
2,3,0,0,1,3
2,4,1,3,0,0
2,5,1,0,0,0
2,7,0,13,0,2
2,14,0,0,1,3
2,15,1,3,0,0
2,21,0,2,0,2
3,0,0x53951600,3,0
3,3,0x53951500,3,0
3,4,0x53951200,3,0
3,5,0x53951400,3,0
3,7,0x53951300,3,0
3,14,0x53951100,3,0
3,15,0x53951000,3,0
3,21,0x53951700,3,0
;
1,1,3,11,3
2,1,0,0,1,3
2,5,11,0,2,0
2,7,0,3,0,0
2,8,1,3,0,0
2,17,2,0,2,0
2,23,1,3,0,0
2,24,0,0,1,3
3,0,0x53951600,0,1
3,1,0x53951500,0,1
3,5,0x53951300,0,1
3,7,0x53951400,0,1
3,8,0x53951200,0,1
3,17,0x53951700,0,1
3,23,0x53951000,0,1
3,24,0x53951100,0,1
;
1,3,11,3,1
2,3,0,2,0,11
2,5,3,0,0,0
2,6,3,0,0,1
2,7,0,1,3,0
2,13,0,2,0,2
2,19,3,0,0,1
2,20,0,1,3,0
3,0,0x53951600,1,1
3,3,0x53951300,1,1
3,5,0x53951400,1,1
3,6,0x53951200,1,1
3,7,0x53951500,1,1
3,13,0x53951700,1,1
3,19,0x53951000,1,1
3,20,0x53951100,1,1
;
1,11,3,1,3
2,1,2,0,11,0
2,3,0,0,0,3
2,4,0,0,1,3
2,5,1,3,0,0
2,9,2,0,2,0
2,15,0,0,1,3
2,16,1,3,0,0
3,0,0x53951600,2,1
3,1,0x53951300,2,1
3,3,0x53951400,2,1
3,4,0x53951200,2,1
3,5,0x53951500,2,1
3,9,0x53951700,2,1
3,15,0x53951000,2,1
3,16,0x53951100,2,1
;
1,3,1,3,11
2,1,0,0,3,0
2,2,0,1,3,0
2,3,3,0,0,1
2,7,0,11,0,2
2,11,0,1,3,0
2,12,3,0,0,1
2,21,0,2,0,2
3,0,0x53951600,3,1
3,1,0x53951400,3,1
3,2,0x53951200,3,1
3,3,0x53951500,3,1
3,7,0x53951300,3,1
3,11,0x53951000,3,1
3,12,0x53951100,3,1
3,21,0x53951700,3,1
;
;B2_R3_Diagonal_Part_2
;
1,13,1,3,1
2,1,2,0,13,0
2,5,3,0,0,1
2,6,13,1,3,0
2,7,0,1,13,0
2,9,2,0,2,0
2,18,3,0,0,1
3,0,0x53959500,0,0
3,1,0x531E1000,0,0
3,5,0x53959400,0,0
3,7,0x53959600,0,0
3,9,0x531E0000,0,0
;
1,1,13,1,3
2,1,0,0,1,13
2,3,0,2,0,13
2,7,1,3,0,0
2,8,0,13,1,3
2,13,0,2,0,2
2,22,1,3,0,0
3,0,0x53959500,1,0
3,1,0x53959600,1,0
3,3,0x531E1000,1,0
3,7,0x53959400,1,0
3,13,0x531E0000,1,0
;
1,3,1,13,1
2,1,0,1,3,0
2,2,3,0,13,1
2,3,13,0,0,1
2,5,13,0,2,0
2,10,0,1,3,0
2,17,2,0,2,0
3,0,0x53959500,2,0
3,1,0x53959400,2,0
3,3,0x53959600,2,0
3,5,0x531E1000,2,0
3,17,0x531E0000,2,0
;
1,1,3,1,13
2,3,0,0,1,3
2,4,1,3,0,13
2,5,1,13,0,0
2,7,0,13,0,2
2,14,0,0,1,3
2,21,0,2,0,2
3,0,0x53959500,3,0
3,3,0x53959400,3,0
3,5,0x53959600,3,0
3,7,0x531E1000,3,0
3,21,0x531E0000,3,0
;
1,1,3,11,3
2,1,0,0,1,3
2,5,11,0,2,0
2,7,11,3,0,0
2,8,1,3,11,0
2,17,2,0,2,0
2,24,0,0,1,3
3,0,0x53959500,0,1
3,1,0x53959400,0,1
3,5,0x531E1000,0,1
3,7,0x53959600,0,1
3,17,0x531E0000,0,1
;
1,3,11,3,1
2,3,0,2,0,11
2,5,3,0,0,11
2,6,3,11,0,1
2,7,0,1,3,0
2,13,0,2,0,2
2,20,0,1,3,0
3,0,0x53959500,1,1
3,3,0x531E1000,1,1
3,5,0x53959600,1,1
3,7,0x53959400,1,1
3,13,0x531E0000,1,1
;
1,11,3,1,3
2,1,2,0,11,0
2,3,0,0,11,3
2,4,11,0,1,3
2,5,1,3,0,0
2,9,2,0,2,0
2,16,1,3,0,0
3,0,0x53959500,2,1
3,1,0x531E1000,2,1
3,3,0x53959600,2,1
3,5,0x53959400,2,1
3,9,0x531E0000,2,1
;
1,3,1,3,11
2,1,0,11,3,0
2,2,0,1,3,11
2,3,3,0,0,1
2,7,0,11,0,2
2,12,3,0,0,1
2,21,0,2,0,2
3,0,0x53959500,3,1
3,1,0x53959600,3,1
3,3,0x53959400,3,1
3,7,0x531E1000,3,1
3,21,0x531E0000,3,1
;
;STR(RRW1) between two DTR(RRW2)
;
1,32,0,2,1
2,1,2,0,32,2
2,6,32,0,2,0
2,7,2,1,32,0
2,8,2,2,2,0
2,9,2,0,2,0
3,0,0x53940E00,0,0
3,1,0x53940D00,0,0
3,6,0x53940C00,2,0
3,7,0x53940D00,2,0
3,8,0x53940E00,2,0
3,9,0x53940C00,0,0
;
1,1,32,0,2
2,1,0,2,1,32
2,2,0,2,2,2
2,3,2,2,0,32
2,8,0,32,0,2
2,13,0,2,0,2
3,0,0x53940E00,1,0
3,1,0x53940D00,3,0
3,2,0x53940E00,3,0
3,3,0x53940D00,1,0
3,8,0x53940C00,3,0
3,13,0x53940C00,1,0
;
1,2,1,32,0
2,2,2,0,32,0
2,3,32,0,2,1
2,4,2,0,2,2
2,5,32,2,2,0
2,17,2,0,2,0
3,0,0x53940E00,2,0
3,2,0x53940C00,0,0
3,3,0x53940D00,0,0
3,4,0x53940E00,0,0
3,5,0x53940D00,2,0
3,17,0x53940C00,2,0
;
1,0,2,1,32
2,4,0,2,0,32
2,5,1,32,0,2
2,6,2,2,0,2
2,7,0,32,2,2
2,21,0,2,0,2
3,0,0x53940E00,3,0
3,4,0x53940C00,1,0
3,5,0x53940D00,1,0
3,6,0x53940E00,1,0
3,7,0x53940D00,3,0
3,21,0x53940C00,3,0
;
1,2,0,52,3
2,5,52,0,2,2
2,6,2,2,2,0
2,7,52,3,2,0
2,8,2,0,52,0
2,17,2,0,2,0
3,0,0x53940E00,0,1
3,5,0x53940D00,0,1
3,6,0x53940E00,2,1
3,7,0x53940D00,2,1
3,8,0x53940C00,2,1
3,17,0x53940C00,0,1
;
1,0,52,3,2
2,3,0,2,2,52
2,4,2,2,0,2
2,5,3,2,0,52
2,6,0,52,0,2
2,13,0,2,0,2
3,0,0x53940E00,1,1
3,3,0x53940D00,1,1
3,4,0x53940E00,3,1
3,5,0x53940D00,3,1
3,6,0x53940C00,3,1
3,13,0x53940C00,1,1
;
1,52,3,2,0
2,1,2,2,52,0
2,2,2,0,2,2
2,3,2,0,52,3
2,4,52,0,2,0
2,9,2,0,2,0
3,0,0x53940E00,2,1
3,1,0x53940D00,2,1
3,2,0x53940E00,0,1
3,3,0x53940D00,0,1
3,4,0x53940C00,0,1
3,9,0x53940C00,2,1
;
1,3,2,0,52
2,1,0,52,3,2
2,2,0,2,0,52
2,7,2,52,0,2
2,8,0,2,2,2
2,21,0,2,0,2
3,0,0x53940E00,3,1
3,1,0x53940D00,1,1
3,2,0x53940C00,1,1
3,7,0x53940D00,3,1
3,8,0x53940E00,1,1
3,21,0x53940C00,3,1
;
;DTR_A2_(Type_1)_Switch
;
1,32,0,2,1
2,1,2,0,32,2
2,5,2,0,2,2
2,6,32,2,2,0
2,7,2,1,32,0
2,8,2,2,2,0
2,9,2,0,2,0
2,18,2,0,2,0
3,0,0x53948200,0,0
3,1,0x53948100,0,0
3,5,0x53948300,0,0
3,6,0x53948100,2,0
3,7,0x53948200,2,0
3,8,0x53948300,2,0
3,9,0x53948000,0,0
3,18,0x53948000,2,0
;
1,1,32,0,2
2,1,0,2,1,32
2,2,0,2,2,2
2,3,2,2,0,32
2,7,2,2,0,2
2,8,0,32,2,2
2,13,0,2,0,2
2,22,0,2,0,2
3,0,0x53948200,1,0
3,1,0x53948200,3,0
3,2,0x53948300,3,0
3,3,0x53948100,1,0
3,7,0x53948300,1,0
3,8,0x53948100,3,0
3,13,0x53948000,1,0
3,22,0x53948000,3,0
;
1,2,1,32,0
2,1,2,2,2,0
2,2,2,0,32,2
2,3,32,0,2,1
2,4,2,0,2,2
2,5,32,2,2,0
2,10,2,0,2,0
2,17,2,0,2,0
3,0,0x53948200,2,0
3,1,0x53948300,2,0
3,2,0x53948100,0,0
3,3,0x53948200,0,0
3,4,0x53948300,0,0
3,5,0x53948100,2,0
3,10,0x53948000,0,0
3,17,0x53948000,2,0
;
1,0,2,1,32
2,3,0,2,2,2
2,4,2,2,0,32
2,5,1,32,0,2
2,6,2,2,0,2
2,7,0,32,2,2
2,14,0,2,0,2
2,21,0,2,0,2
3,0,0x53948200,3,0
3,3,0x53948300,3,0
3,4,0x53948100,1,0
3,5,0x53948200,1,0
3,6,0x53948300,1,0
3,7,0x53948100,3,0
3,14,0x53948000,1,0
3,21,0x53948000,3,0
;
1,2,0,52,3
2,1,2,0,2,2
2,5,52,0,2,2
2,6,2,2,2,0
2,7,52,3,2,0
2,8,2,2,52,0
2,17,2,0,2,0
2,24,2,0,2,0
3,0,0x53948200,0,1
3,1,0x53948300,0,1
3,5,0x53948100,0,1
3,6,0x53948300,2,1
3,7,0x53948200,2,1
3,8,0x53948100,2,1
3,17,0x53948000,0,1
3,24,0x53948000,2,1
;
1,0,52,3,2
2,3,0,2,2,52
2,4,2,2,0,2
2,5,3,2,0,52
2,6,2,52,0,2
2,7,0,2,2,2
2,13,0,2,0,2
2,20,0,2,0,2
3,0,0x53948200,1,1
3,3,0x53948100,1,1
3,4,0x53948300,3,1
3,5,0x53948200,3,1
3,6,0x53948100,3,1
3,7,0x53948300,1,1
3,13,0x53948000,1,1
3,20,0x53948000,3,1
;
1,52,3,2,0
2,1,2,2,52,0
2,2,2,0,2,2
2,3,2,0,52,3
2,4,52,0,2,2
2,5,2,2,2,0
2,9,2,0,2,0
2,16,2,0,2,0
3,0,0x53948200,2,1
3,1,0x53948100,2,1
3,2,0x53948300,0,1
3,3,0x53948200,0,1
3,4,0x53948100,0,1
3,5,0x53948300,2,1
3,9,0x53948000,2,1
3,16,0x53948000,0,1
;
1,3,2,0,52
2,1,0,52,3,2
2,2,0,2,2,52
2,3,2,2,0,2
2,7,2,52,0,2
2,8,0,2,2,2
2,12,0,2,0,2
2,21,0,2,0,2
3,0,0x53948200,3,1
3,1,0x53948200,1,1
3,2,0x53948100,1,1
3,3,0x53948300,3,1
3,7,0x53948100,3,1
3,8,0x53948300,1,1
3,12,0x53948000,1,1
3,21,0x53948000,3,1
;
;A2_(Type_2)_Switch
;Section 1
;
;
1,2,0,32,2
2,1,2,0,2,0
2,5,32,0,2,1
2,6,2,1,32,0
2,7,0,2,2,0
2,9,2,0,2,0
2,17,2,0,2,0
2,18,32,0,2,0
3,0,0x53948900,0,0
3,1,0x53948800,0,0
3,5,0x53948A00,0,0
3,9,0x53948700,0,0
3,17,0x53948B00,0,0
;
1,2,2,0,32
2,1,0,0,2,2
2,3,0,2,0,2
2,7,1,32,0,2
2,8,0,2,1,32
2,13,0,2,0,2
2,21,0,2,0,2
2,22,0,32,0,2
3,0,0x53948900,1,0
3,3,0x53948800,1,0
3,7,0x53948A00,1,0
3,13,0x53948700,1,0
3,21,0x53948B00,1,0
;
1,32,2,2,0
2,1,2,1,32,0
2,2,32,0,2,1
2,3,2,0,0,2
2,5,2,0,2,0
2,9,2,0,2,0
2,10,2,0,32,0
2,17,2,0,2,0
3,0,0x53948900,2,0
3,1,0x53948A00,2,0
3,5,0x53948800,2,0
3,9,0x53948B00,2,0
3,17,0x53948700,2,0
;
1,0,32,2,2
2,3,0,2,1,32
2,4,1,32,0,2
2,5,2,2,0,0
2,7,0,2,0,2
2,13,0,2,0,2
2,14,0,2,0,32
2,21,0,2,0,2
3,0,0x53948900,3,0
3,3,0x53948A00,3,0
3,7,0x53948800,3,0
3,13,0x53948B00,3,0
3,21,0x53948700,3,0
;
;
1,52,0,2,2
2,1,2,0,52,3
2,5,2,0,2,0
2,7,2,2,0,0
2,8,52,3,2,0
2,9,2,0,2,0
2,17,2,0,2,0
2,24,2,0,52,0
3,0,0x53948900,0,1
3,1,0x53948A00,0,1
3,5,0x53948800,0,1
3,9,0x53948B00,0,1
3,17,0x53948700,0,1
;
1,0,2,2,52
2,3,0,2,0,2
2,5,2,0,0,2
2,6,3,2,0,52
2,7,0,52,3,2
2,13,0,2,0,2
2,20,0,52,0,2
2,21,0,2,0,2
3,0,0x53948900,1,1
3,3,0x53948800,1,1
3,7,0x53948A00,1,1
3,13,0x53948700,1,1
3,21,0x53948B00,1,1
;
1,2,2,52,0
2,1,2,0,2,0
2,3,0,0,2,2
2,4,2,0,52,3
2,5,52,3,2,0
2,9,2,0,2,0
2,16,52,0,2,0
2,17,2,0,2,0
3,0,0x53948900,2,1
3,1,0x53948800,2,1
3,5,0x53948A00,2,1
3,9,0x53948700,2,1
3,17,0x53948B00,2,1
;
1,2,52,0,2
2,1,0,2,2,0
2,2,0,52,3,2
2,3,3,2,0,52
2,7,0,2,0,2
2,12,0,2,0,52
2,13,0,2,0,2
2,21,0,2,0,2
3,0,0x53948900,3,1
3,3,0x53948A00,3,1
3,7,0x53948800,3,1
3,13,0x53948B00,3,1
3,21,0x53948700,3,1
;
;Section 2
;
;
1,2,1,32,0
2,1,0,2,2,0
2,2,2,0,32,2
2,3,32,0,2,1
2,4,2,0,2,0
2,5,32,0,2,0
2,10,2,0,2,0
2,16,2,0,2,0
2,17,2,0,2,0
3,0,0x53948D00,0,0
3,1,0x53948C00,0,0
3,5,0x53948E00,0,0
3,17,0x53948F00,0,0
;
1,0,2,1,32
2,3,0,0,2,2
2,4,2,2,0,32
2,5,1,32,0,2
2,6,0,2,0,2
2,7,0,32,0,2
2,14,0,2,0,2
2,20,0,2,0,2
2,21,0,2,0,2
3,0,0x53948D00,1,0
3,3,0x53948C00,1,0
3,7,0x53948E00,1,0
3,21,0x53948F00,1,0
;
1,32,0,2,1
2,1,2,0,32,0
2,5,2,0,0,2
2,6,32,2,2,0
2,7,2,1,32,0
2,8,2,0,2,0
2,9,2,0,2,0
2,18,2,0,2,0
2,24,2,0,2,0
3,0,0x53948D00,2,0
3,1,0x53948E00,2,0
3,5,0x53948C00,2,0
3,9,0x53948F00,2,0
;
1,1,32,0,2
2,1,0,2,1,32
2,2,0,2,0,2
2,3,0,2,0,32
2,7,2,2,0,0
2,8,0,32,2,2
2,12,0,2,0,2
2,13,0,2,0,2
2,22,0,2,0,2
3,0,0x53948D00,3,0
3,3,0x53948E00,3,0
3,7,0x53948C00,3,0
3,13,0x53948F00,3,0
;
1,52,3,2,0
2,1,2,0,52,0
2,2,2,0,2,0
2,3,2,0,52,3
2,4,52,0,2,2
2,5,2,2,0,0
2,9,2,0,2,0
2,10,2,0,2,0
2,16,2,0,2,0
3,0,0x53948D00,0,1
3,1,0x53948E00,0,1
3,5,0x53948C00,0,1
3,9,0x53948F00,0,1
;
1,3,2,0,52
2,1,0,52,3,2
2,2,0,2,2,52
2,3,2,0,0,2
2,7,0,52,0,2
2,8,0,2,0,2
2,12,0,2,0,2
2,21,0,2,0,2
2,22,0,2,0,2
3,0,0x53948D00,1,1
3,3,0x53948C00,1,1
3,7,0x53948E00,1,1
3,21,0x53948F00,1,1
;
1,2,0,52,3
2,1,0,0,2,2
2,5,52,0,2,0
2,6,2,0,2,0
2,7,52,3,2,0
2,8,2,2,52,0
2,17,2,0,2,0
2,18,2,0,2,0
2,24,2,0,2,0
3,0,0x53948D00,2,1
3,1,0x53948C00,2,1
3,5,0x53948E00,2,1
3,17,0x53948F00,2,1
;
1,0,52,3,2
2,3,0,2,0,52
2,4,0,2,0,2
2,5,3,2,0,52
2,6,2,52,0,2
2,7,0,2,2,0
2,13,0,2,0,2
2,14,0,2,0,2
2,20,0,2,0,2
3,0,0x53948D00,3,1
3,3,0x53948E00,3,1
3,7,0x53948C00,3,1
3,13,0x53948F00,3,1
;
;A2_(Type_3)_Switch
;Section 1
;
;
1,2,0,2,0
2,1,2,0,2,0
2,5,2,0,2,0
2,6,0,0,13,0
2,9,2,0,2,0
2,17,2,0,2,2
2,18,13,2,2,0
3,0,0x5394D200,0,0
3,1,0x5394D100,0,0
3,5,0x5394D300,0,0
3,6,0x5394D600,0,0
3,9,0x5394D000,0,0
3,17,0x5394D400,0,0
3,18,0x5394D700,0,0
;
1,0,2,0,2
2,3,0,2,0,2
2,7,0,2,0,2
2,8,0,0,0,13
2,13,0,2,0,2
2,21,2,2,0,2
2,22,0,13,2,2
3,0,0x5394D200,1,0
3,3,0x5394D100,1,0
3,7,0x5394D300,1,0
3,8,0x5394D600,1,0
3,13,0x5394D000,1,0
3,21,0x5394D400,1,0
3,22,0x5394D700,1,0
;
1,2,0,2,0
2,1,2,0,2,0
2,2,13,0,0,0
2,5,2,0,2,0
2,9,2,2,2,0
2,10,2,0,13,2
2,17,2,0,2,0
3,0,0x5394D200,2,0
3,1,0x5394D300,2,0
3,2,0x5394D600,2,0
3,5,0x5394D100,2,0
3,9,0x5394D400,2,0
3,10,0x5394D700,2,0
3,17,0x5394D000,2,0
;
1,0,2,0,2
2,3,0,2,0,2
2,4,0,13,0,0
2,7,0,2,0,2
2,13,0,2,2,2
2,14,2,2,0,13
2,21,0,2,0,2
3,0,0x5394D200,3,0
3,3,0x5394D300,3,0
3,4,0x5394D600,3,0
3,7,0x5394D100,3,0
3,13,0x5394D400,3,0
3,14,0x5394D700,3,0
3,21,0x5394D000,3,0
;
1,2,0,2,0
2,1,2,0,2,0
2,5,2,0,2,0
2,8,11,0,0,0
2,9,2,0,2,2
2,17,2,0,2,0
2,24,2,2,11,0
3,0,0x5394D200,0,1
3,1,0x5394D300,0,1
3,5,0x5394D100,0,1
3,8,0x5394D600,0,1
3,9,0x5394D400,0,1
3,17,0x5394D000,0,1
3,24,0x5394D700,0,1
;
1,0,2,0,2
2,3,0,2,0,2
2,6,0,0,0,11
2,7,0,2,0,2
2,13,0,2,0,2
2,20,2,11,0,2
2,21,0,2,2,2
3,0,0x5394D200,1,1
3,3,0x5394D100,1,1
3,6,0x5394D600,1,1
3,7,0x5394D300,1,1
3,13,0x5394D000,1,1
3,20,0x5394D700,1,1
3,21,0x5394D400,1,1
;
1,2,0,2,0
2,1,2,0,2,0
2,4,0,0,11,0
2,5,2,0,2,0
2,9,2,0,2,0
2,16,11,0,2,2
2,17,2,2,2,0
3,0,0x5394D200,2,1
3,1,0x5394D100,2,1
3,4,0x5394D600,2,1
3,5,0x5394D300,2,1
3,9,0x5394D000,2,1
3,16,0x5394D700,2,1
3,17,0x5394D400,2,1
;
1,0,2,0,2
2,2,0,11,0,0
2,3,0,2,0,2
2,7,0,2,0,2
2,12,0,2,2,11
2,13,2,2,0,2
2,21,0,2,0,2
3,0,0x5394D200,3,1
3,2,0x5394D600,3,1
3,3,0x5394D300,3,1
3,7,0x5394D100,3,1
3,12,0x5394D700,3,1
3,13,0x5394D400,3,1
3,21,0x5394D000,3,1
;
;Section 2
;
1,2,0,2,2
2,1,2,0,2,2
2,6,2,0,2,0
2,7,2,2,2,0
2,8,13,2,2,0
2,9,2,0,2,0
2,24,0,0,13,0
3,0,0x5394D500,0,0
3,6,0x5394D900,0,0
3,7,0x5394D800,0,0
;
1,2,2,0,2
2,1,0,2,2,2
2,2,0,13,2,2
2,3,2,2,0,2
2,8,0,2,0,2
2,12,0,0,0,13
2,13,0,2,0,2
3,0,0x5394D500,1,0
3,1,0x5394D800,1,0
3,8,0x5394D900,1,0
;
1,2,2,2,0
2,2,2,0,2,0
2,3,2,0,2,2
2,4,2,0,13,2
2,5,2,2,2,0
2,16,13,0,0,0
2,17,2,0,2,0
3,0,0x5394D500,2,0
3,2,0x5394D900,2,0
3,3,0x5394D800,2,0
;
1,0,2,2,2
2,4,0,2,0,2
2,5,2,2,0,2
2,6,2,2,0,13
2,7,0,2,2,2
2,20,0,13,0,0
2,21,0,2,0,2
3,0,0x5394D500,3,0
3,4,0x5394D900,3,0
3,5,0x5394D800,3,0
;
1,2,0,2,2
2,5,2,0,2,2
2,6,2,2,11,0
2,7,2,2,2,0
2,8,2,0,2,0
2,17,2,0,2,0
2,18,11,0,0,0
3,0,0x5394D500,0,1
3,7,0x5394D800,0,1
3,8,0x5394D900,0,1
;
1,0,2,2,2
2,3,0,2,2,2
2,4,2,11,0,2
2,5,2,2,0,2
2,6,0,2,0,2
2,13,0,2,0,2
2,14,0,0,0,11
3,0,0x5394D500,1,1
3,5,0x5394D800,1,1
3,6,0x5394D900,1,1
;
1,2,2,2,0
2,1,2,2,2,0
2,2,11,0,2,2
2,3,2,0,2,2
2,4,2,0,2,0
2,9,2,0,2,0
2,10,0,0,11,0
3,0,0x5394D500,2,1
3,3,0x5394D800,2,1
3,4,0x5394D900,2,1
;
1,2,2,0,2
2,1,0,2,2,2
2,2,0,2,0,2
2,7,2,2,0,2
2,8,0,2,2,11
2,21,0,2,0,2
2,22,0,11,0,0
3,0,0x5394D500,3,1
3,1,0x5394D800,3,1
3,2,0x5394D900,3,1
;
;Small Switch Section
;
;Middle Piece
;
1,32,0,32,0
3,0,0x5312A400,0,0
;
1,0,32,0,32
3,0,0x5312A400,1,0
;
1,32,0,32,0
3,0,0x5312A400,2,0
;
1,0,32,0,32
3,0,0x5312A400,3,0
;
1,52,0,52,0
3,0,0x5312A400,0,1
;
1,0,52,0,52
3,0,0x5312A400,1,1
;
1,52,0,52,0
3,0,0x5312A400,2,1
;
1,0,52,0,52
3,0,0x5312A400,3,1
;
;Edge ending
;
1,2,1,32,0
2,2,2,0,32,0
2,3,32,0,2,1
2,5,32,0,32,0
2,10,2,0,2,0
3,0,0x5312A300,0,0
3,2,0x5312A100,0,0
3,3,0x5312A200,0,0
3,10,0x5312A000,0,0
;
1,0,2,1,32
2,4,0,2,0,32
2,5,1,32,0,2
2,7,0,32,0,32
2,14,0,2,0,2
3,0,0x5312A300,1,0
3,4,0x5312A100,1,0
3,5,0x5312A200,1,0
3,14,0x5312A000,1,0
;
1,32,0,2,1
2,1,32,0,32,0
2,6,32,0,2,0
2,7,2,1,32,0
2,18,2,0,2,0
3,0,0x5312A300,2,0
3,6,0x5312A100,2,0
3,7,0x5312A200,2,0
3,18,0x5312A000,2,0
;
1,1,32,0,2
2,1,0,2,1,32
2,3,0,32,0,32
2,8,0,32,0,2
2,22,0,2,0,2
3,0,0x5312A300,3,0
3,1,0x5312A200,3,0
3,8,0x5312A100,3,0
3,22,0x5312A000,3,0
;
1,52,3,2,0
2,1,52,0,52,0
2,3,2,0,52,3
2,4,52,0,2,0
2,16,2,0,2,0
3,0,0x5312A300,0,1
3,3,0x5312A200,0,1
3,4,0x5312A100,0,1
3,16,0x5312A000,0,1
;
1,3,2,0,52
2,1,0,52,3,2
2,2,0,2,0,52
2,7,0,52,0,52
2,12,0,2,0,2
3,0,0x5312A300,1,1
3,1,0x5312A200,1,1
3,2,0x5312A100,1,1
3,12,0x5312A000,1,1
;
1,2,0,52,3
2,5,52,0,52,0
2,7,52,3,2,0
2,8,2,0,52,0
2,24,2,0,2,0
3,0,0x5312A300,2,1
3,7,0x5312A200,2,1
3,8,0x5312A100,2,1
3,24,0x5312A000,2,1
;
1,0,52,3,2
2,3,0,52,0,52
2,5,3,2,0,52
2,6,0,52,0,2
2,20,0,2,0,2
3,0,0x5312A300,3,1
3,5,0x5312A200,3,1
3,6,0x5312A100,3,1
3,20,0x5312A000,3,1
;
;Continue
;
1,2,1,32,0
2,2,32,0,32,0
2,3,32,0,2,1
2,5,32,0,32,0
3,0,0x5312A300,0,0
3,3,0x5312A300,2,0
;
1,0,2,1,32
2,4,0,32,0,32
2,5,1,32,0,2
2,7,0,32,0,32
3,0,0x5312A300,1,0
3,5,0x5312A300,3,0
;
1,32,0,2,1
2,1,32,0,32,0
2,6,32,0,32,0
2,7,2,1,32,0
3,0,0x5312A300,2,0
3,7,0x5312A300,0,0
;
1,1,32,0,2
2,1,0,2,1,32
2,3,0,32,0,32
2,8,0,32,0,32
3,0,0x5312A300,3,0
3,1,0x5312A300,1,0
;
1,52,3,2,0
2,1,52,0,52,0
2,3,2,0,52,3
2,4,52,0,52,0
3,0,0x5312A300,0,1
3,3,0x5312A300,2,1
;
1,3,2,0,52
2,1,0,52,3,2
2,2,0,52,0,52
2,7,0,52,0,52
3,0,0x5312A300,1,1
3,1,0x5312A300,3,1
;
1,2,0,52,3
2,5,52,0,52,0
2,7,52,3,2,0
2,8,52,0,52,0
3,0,0x5312A300,2,1
3,7,0x5312A300,0,1
;
1,0,52,3,2
2,3,0,52,0,52
2,5,3,2,0,52
2,6,0,52,0,52
3,0,0x5312A300,3,1
3,5,0x5312A300,1,1
;
;Diagonal Piece
;
1,32,0,2,1
2,1,32,0,32,0
2,7,0,1,3,0
3,0,0x5312A500,0,0
3,7,0x5312A600,0,0
;
1,1,32,0,2
2,1,0,0,1,3
2,3,0,32,0,32
3,0,0x5312A500,1,0
3,1,0x5312A600,1,0
;
1,2,1,32,0
2,3,3,0,0,1
2,5,32,0,32,0
3,0,0x5312A500,2,0
3,3,0x5312A600,2,0
;
1,0,2,1,32
2,5,1,3,0,0
2,7,0,32,0,32
3,0,0x5312A500,3,0
3,5,0x5312A600,3,0
;
1,2,0,52,3
2,5,52,0,52,0
2,7,1,3,0,0
3,0,0x5312A500,0,1
3,7,0x5312A600,0,1
;
1,0,52,3,2
2,3,0,52,0,52
2,5,3,0,0,1
3,0,0x5312A500,1,1
3,5,0x5312A600,1,1
;
1,52,3,2,0
2,1,52,0,52,0
2,3,0,0,1,3
3,0,0x5312A500,2,1
3,3,0x5312A600,2,1
;
1,3,2,0,52
2,1,0,1,3,0
2,7,0,52,0,52
3,0,0x5312A500,3,1
3,1,0x5312A600,3,1
;
;Orthogonal Piece
;
1,32,0,2,1
2,1,32,0,32,0
2,5,2,0,2,2
2,6,13,2,2,0
2,7,0,1,13,0
2,18,2,0,2,0
3,0,0x5312A700,0,0
3,5,0x5312A800,0,0
3,6,0x5312AA00,0,0
3,7,0x5312A900,0,0
3,18,0x5312AB00,0,0
;
1,1,32,0,2
2,1,0,0,1,13
2,3,0,32,0,32
2,7,2,2,0,2
2,8,0,13,2,2
2,22,0,2,0,2
3,0,0x5312A700,1,0
3,1,0x5312A900,1,0
3,7,0x5312A800,1,0
3,8,0x5312AA00,1,0
3,22,0x5312AB00,1,0
;
1,2,1,32,0
2,1,2,2,2,0
2,2,2,0,13,2
2,3,13,0,0,1
2,5,32,0,32,0
2,10,2,0,2,0
3,0,0x5312A700,2,0
3,1,0x5312A800,2,0
3,2,0x5312AA00,2,0
3,3,0x5312A900,2,0
3,10,0x5312AB00,2,0
;
1,0,2,1,32
2,3,0,2,2,2
2,4,2,2,0,13
2,5,1,13,0,0
2,7,0,32,0,32
2,14,0,2,0,2
3,0,0x5312A700,3,0
3,3,0x5312A800,3,0
3,4,0x5312AA00,3,0
3,5,0x5312A900,3,0
3,14,0x5312AB00,3,0
;
1,2,0,52,3
2,1,2,0,2,2
2,5,52,0,52,0
2,7,11,3,0,0
2,8,2,2,11,0
2,24,2,0,2,0
3,0,0x5312A700,0,1
3,1,0x5312A800,0,1
3,7,0x5312A900,0,1
3,8,0x5312AA00,0,1
3,24,0x5312AB00,0,1
;
1,0,52,3,2
2,3,0,52,0,52
2,5,3,0,0,11
2,6,2,11,0,2
2,7,0,2,2,2
2,20,0,2,0,2
3,0,0x5312A700,1,1
3,5,0x5312A900,1,1
3,6,0x5312AA00,1,1
3,7,0x5312A800,1,1
3,20,0x5312AB00,1,1
;
1,52,3,2,0
2,1,52,0,52,0
2,3,0,0,11,3
2,4,11,0,2,2
2,5,2,2,2,0
2,16,2,0,2,0
3,0,0x5312A700,2,1
3,3,0x5312A900,2,1
3,4,0x5312AA00,2,1
3,5,0x5312A800,2,1
3,16,0x5312AB00,2,1
;
1,3,2,0,52
2,1,0,11,3,0
2,2,0,2,2,11
2,3,2,2,0,2
2,7,0,52,0,52
2,12,0,2,0,2
3,0,0x5312A700,3,1
3,1,0x5312A900,3,1
3,2,0x5312AA00,3,1
3,3,0x5312A800,3,1
3,12,0x5312AB00,3,1
;
;Diag B1 From Diagonal
;
1,13,1,3,1
2,1,2,0,13,0
2,5,3,0,0,1
2,6,0,1,3,0
2,7,0,1,0,0
2,9,2,0,2,0
2,18,3,0,0,1
2,19,0,1,3,0
3,0,0x53951600,0,0
3,1,0x53951300,0,0
3,5,0x53951500,0,0
3,6,0x53951200,0,0
3,7,0x53951400,0,0
3,9,0x53951700,0,0
3,18,0x53951100,0,0
3,19,0x53951000,0,0
;
1,1,13,1,3
2,1,0,0,1,0
2,3,0,2,0,13
2,7,1,3,0,0
2,8,0,0,1,3
2,13,0,2,0,2
2,22,1,3,0,0
2,23,0,0,1,3
3,0,0x53951600,1,0
3,1,0x53951400,1,0
3,3,0x53951300,1,0
3,7,0x53951500,1,0
3,8,0x53951200,1,0
3,13,0x53951700,1,0
3,22,0x53951100,1,0
3,23,0x53951000,1,0
;
1,3,1,13,1
2,1,0,1,3,0
2,2,3,0,0,1
2,3,0,0,0,1
2,5,13,0,2,0
2,10,0,1,3,0
2,11,3,0,0,1
2,17,2,0,2,0
3,0,0x53951600,2,0
3,1,0x53951500,2,0
3,2,0x53951200,2,0
3,3,0x53951400,2,0
3,5,0x53951300,2,0
3,10,0x53951100,2,0
3,11,0x53951000,2,0
3,17,0x53951700,2,0
;
1,1,3,1,13
2,3,0,0,1,3
2,4,1,3,0,0
2,5,1,0,0,0
2,7,0,13,0,2
2,14,0,0,1,3
2,15,1,3,0,0
2,21,0,2,0,2
3,0,0x53951600,3,0
3,3,0x53951500,3,0
3,4,0x53951200,3,0
3,5,0x53951400,3,0
3,7,0x53951300,3,0
3,14,0x53951100,3,0
3,15,0x53951000,3,0
3,21,0x53951700,3,0
;
1,1,3,11,3
2,1,0,0,1,3
2,5,11,0,2,0
2,7,0,3,0,0
2,8,1,3,0,0
2,17,2,0,2,0
2,23,1,3,0,0
2,24,0,0,1,3
3,0,0x53951600,0,1
3,1,0x53951500,0,1
3,5,0x53951300,0,1
3,7,0x53951400,0,1
3,8,0x53951200,0,1
3,17,0x53951700,0,1
3,23,0x53951000,0,1
3,24,0x53951100,0,1
;
1,3,11,3,1
2,3,0,2,0,11
2,5,3,0,0,0
2,6,3,0,0,1
2,7,0,1,3,0
2,13,0,2,0,2
2,19,3,0,0,1
2,20,0,1,3,0
3,0,0x53951600,1,1
3,3,0x53951300,1,1
3,5,0x53951400,1,1
3,6,0x53951200,1,1
3,7,0x53951500,1,1
3,13,0x53951700,1,1
3,19,0x53951000,1,1
3,20,0x53951100,1,1
;
1,11,3,1,3
2,1,2,0,11,0
2,3,0,0,0,3
2,4,0,0,1,3
2,5,1,3,0,0
2,9,2,0,2,0
2,15,0,0,1,3
2,16,1,3,0,0
3,0,0x53951600,2,1
3,1,0x53951300,2,1
3,3,0x53951400,2,1
3,4,0x53951200,2,1
3,5,0x53951500,2,1
3,9,0x53951700,2,1
3,15,0x53951000,2,1
3,16,0x53951100,2,1
;
1,3,1,3,11
2,1,0,0,3,0
2,2,0,1,3,0
2,3,3,0,0,1
2,7,0,11,0,2
2,11,0,1,3,0
2,12,3,0,0,1
2,21,0,2,0,2
3,0,0x53951600,3,1
3,1,0x53951400,3,1
3,2,0x53951200,3,1
3,3,0x53951500,3,1
3,7,0x53951300,3,1
3,11,0x53951000,3,1
3,12,0x53951100,3,1
3,21,0x53951700,3,1
;
;-FAR Subsection
;
;---FAR_3 Subsection
;
;FAR3 INRUL Straight
;
;Outside Tiles
;
1,2,0,2,0
2,5,2,?,0,?
2,6,0,?,2,?
2,18,2,?,2,?
3,0,0x53740100,0,0
;
1,0,2,0,2
2,7,?,2,?,0
2,8,?,0,?,2
2,22,?,2,?,2
3,0,0x53740100,1,0
;
1,2,0,2,0
2,1,0,?,2,?
2,2,2,?,0,?
2,10,2,?,2,?
3,0,0x53740100,2,0
;
1,0,2,0,2
2,3,?,0,?,2
2,4,?,2,?,0
2,14,?,2,?,2
3,0,0x53740100,3,0
;
1,2,0,2,0
2,1,0,?,2,?
2,8,2,?,0,?
2,24,2,?,2,?
3,0,0x53740100,0,1
;
1,0,2,0,2
2,6,?,0,?,2
2,7,?,2,?,0
2,20,?,2,?,2
3,0,0x53740100,1,1
;
1,2,0,2,0
2,4,0,?,2,?
2,5,2,?,0,?
2,16,2,?,2,?
3,0,0x53740100,2,1
;
1,0,2,0,2
2,2,?,2,?,0
2,3,?,0,?,2
2,12,?,2,?,2
3,0,0x53740100,3,1
;
;Inside Tiles
;
;
1,2,0,0,0
2,1,2,?,2,?
2,6,2,?,2,?
2,7,0,0,2,0
3,0,0x53740000,0,0
3,7,0x53740000,2,0
;
1,0,2,0,0
2,1,0,0,0,2
2,3,?,2,?,2
2,8,?,2,?,2
3,0,0x53740000,1,0
3,1,0x53740000,3,0
;
1,0,0,2,0
2,2,2,?,2,?
2,3,2,0,0,0
2,5,2,?,2,?
3,0,0x53740000,2,0
3,3,0x53740000,0,0
;
1,0,0,0,2
2,4,?,2,?,2
2,5,0,2,0,0
2,7,?,2,?,2
3,0,0x53740000,3,0
3,5,0x53740000,1,0
;
1,0,0,2,0
2,5,2,?,2,?
2,7,2,0,0,0
2,8,2,?,2,?
3,0,0x53740000,0,1
3,7,0x53740000,2,1
;
1,0,2,0,0
2,3,?,2,?,2
2,5,0,0,0,2
2,6,?,2,?,2
3,0,0x53740000,1,1
3,5,0x53740000,3,1
;
1,2,0,0,0
2,1,2,?,2,?
2,3,0,0,2,0
2,4,2,?,2,?
3,0,0x53740000,2,1
3,3,0x53740000,0,1
;
1,0,0,0,2
2,1,0,2,0,0
2,2,?,2,?,2
2,7,?,2,?,2
3,0,0x53740000,3,1
3,1,0x53740000,1,1
;
;FAR3 Turnout INRUL-(Placed with RUL0)
;
1,2,0,2,0
2,1,2,0,2,0
2,5,2,0,2,2
2,6,0,3,1,0
2,9,2,0,2,0
2,17,2,0,2,2
2,18,2,2,2,0
3,0,0x5394A200,0,0
3,1,0x5394A100,0,0
3,5,0x5394A300,0,0
3,6,0x5394A500,0,0
3,9,0x5394A000,0,0
3,17,0x5394A400,0,0
3,18,0x5394A600,0,0
;
1,0,2,0,2
2,3,0,2,0,2
2,7,2,2,0,2
2,8,0,0,3,1
2,13,0,2,0,2
2,21,2,2,0,2
2,22,0,2,2,2
3,0,0x5394A200,1,0
3,3,0x5394A100,1,0
3,7,0x5394A300,1,0
3,8,0x5394A500,1,0
3,13,0x5394A000,1,0
3,21,0x5394A400,1,0
3,22,0x5394A600,1,0
;
1,2,0,2,0
2,1,2,2,2,0
2,2,1,0,0,3
2,5,2,0,2,0
2,9,2,2,2,0
2,10,2,0,2,2
2,17,2,0,2,0
3,0,0x5394A200,2,0
3,1,0x5394A300,2,0
3,2,0x5394A500,2,0
3,5,0x5394A100,2,0
3,9,0x5394A400,2,0
3,10,0x5394A600,2,0
3,17,0x5394A000,2,0
;
1,0,2,0,2
2,3,0,2,2,2
2,4,3,1,0,0
2,7,0,2,0,2
2,13,0,2,2,2
2,14,2,2,0,2
2,21,0,2,0,2
3,0,0x5394A200,3,0
3,3,0x5394A300,3,0
3,4,0x5394A500,3,0
3,7,0x5394A100,3,0
3,13,0x5394A400,3,0
3,14,0x5394A600,3,0
3,21,0x5394A000,3,0
;
1,2,0,2,0
2,1,2,0,2,2
2,5,2,0,2,0
2,8,3,1,0,0
2,9,2,0,2,2
2,17,2,0,2,0
2,24,2,2,2,0
3,0,0x5394A200,0,1
3,1,0x5394A300,0,1
3,5,0x5394A100,0,1
3,8,0x5394A500,0,1
3,9,0x5394A400,0,1
3,17,0x5394A000,0,1
3,24,0x5394A600,0,1
;
1,0,2,0,2
2,3,0,2,0,2
2,6,1,0,0,3
2,7,0,2,2,2
2,13,0,2,0,2
2,20,2,2,0,2
2,21,0,2,2,2
3,0,0x5394A200,1,1
3,3,0x5394A100,1,1
3,6,0x5394A500,1,1
3,7,0x5394A300,1,1
3,13,0x5394A000,1,1
3,20,0x5394A600,1,1
3,21,0x5394A400,1,1
;
1,2,0,2,0
2,1,2,0,2,0
2,4,0,0,3,1
2,5,2,2,2,0
2,9,2,0,2,0
2,16,2,0,2,2
2,17,2,2,2,0
3,0,0x5394A200,2,1
3,1,0x5394A100,2,1
3,4,0x5394A500,2,1
3,5,0x5394A300,2,1
3,9,0x5394A000,2,1
3,16,0x5394A600,2,1
3,17,0x5394A400,2,1
;
1,0,2,0,2
2,2,0,3,1,0
2,3,2,2,0,2
2,7,0,2,0,2
2,12,0,2,2,2
2,13,2,2,0,2
2,21,0,2,0,2
3,0,0x5394A200,3,1
3,2,0x5394A500,3,1
3,3,0x5394A300,3,1
3,7,0x5394A100,3,1
3,12,0x5394A600,3,1
3,13,0x5394A400,3,1
3,21,0x5394A000,3,1
;
;Orthogonal to FAR3-(Placed with RUL0)
;
1,2,0,2,0
2,1,2,0,2,0
2,5,2,0,2,4
2,6,2,4,2,0
2,9,2,0,2,0
2,18,2,0,2,0
3,0,0x53741200,0,0
3,1,0x53741100,0,0
3,5,0x53741300,0,0
3,6,0x53741400,0,0
3,9,0x53741000,0,0
3,18,0x53741500,0,0
;
1,0,2,0,2
2,3,0,2,0,2
2,7,4,2,0,2
2,8,0,2,4,2
2,13,0,2,0,2
2,22,0,2,0,2
3,0,0x53741200,1,0
3,3,0x53741100,1,0
3,7,0x53741300,1,0
3,8,0x53741400,1,0
3,13,0x53741000,1,0
3,22,0x53741500,1,0
;
1,2,0,2,0
2,1,2,4,2,0
2,2,2,0,2,4
2,5,2,0,2,0
2,10,2,0,2,0
2,17,2,0,2,0
3,0,0x53741200,2,0
3,1,0x53741300,2,0
3,2,0x53741400,2,0
3,5,0x53741100,2,0
3,10,0x53741500,2,0
3,17,0x53741000,2,0
;
1,0,2,0,2
2,3,0,2,4,2
2,4,4,2,0,2
2,7,0,2,0,2
2,14,0,2,0,2
2,21,0,2,0,2
3,0,0x53741200,3,0
3,3,0x53741300,3,0
3,4,0x53741400,3,0
3,7,0x53741100,3,0
3,14,0x53741500,3,0
3,21,0x53741000,3,0
;
1,2,0,2,0
2,1,2,0,2,4
2,5,2,0,2,0
2,8,2,4,2,0
2,17,2,0,2,0
2,24,2,0,2,0
3,0,0x53741200,0,1
3,1,0x53741300,0,1
3,5,0x53741100,0,1
3,8,0x53741400,0,1
3,17,0x53741000,0,1
3,24,0x53741500,0,1
;
1,0,2,0,2
2,3,0,2,0,2
2,6,4,2,0,2
2,7,0,2,4,2
2,13,0,2,0,2
2,20,0,2,0,2
3,0,0x53741200,1,1
3,3,0x53741100,1,1
3,6,0x53741400,1,1
3,7,0x53741300,1,1
3,13,0x53741000,1,1
3,20,0x53741500,1,1
;
1,2,0,2,0
2,1,2,0,2,0
2,4,2,0,2,4
2,5,2,4,2,0
2,9,2,0,2,0
2,16,2,0,2,0
3,0,0x53741200,2,1
3,1,0x53741100,2,1
3,4,0x53741400,2,1
3,5,0x53741300,2,1
3,9,0x53741000,2,1
3,16,0x53741500,2,1
;
1,0,2,0,2
2,2,0,2,4,2
2,3,4,2,0,2
2,7,0,2,0,2
2,12,0,2,0,2
2,21,0,2,0,2
3,0,0x53741200,3,1
3,2,0x53741400,3,1
3,3,0x53741300,3,1
3,7,0x53741100,3,1
3,12,0x53741500,3,1
3,21,0x53741000,3,1
;