;Basic INRULs for FlexTrack
;------(pieces Added or created to allow for Integration of new Functionality)-------;-eggman121
;
;Stright next to curve
1,0,2,2,13
3,0,0x03031600,0,0
;
1,13,0,2,2
3,0,0x03031600,1,0
;
1,2,13,0,2
3,0,0x03031600,2,0
;
1,2,2,13,0
3,0,0x03031600,3,0
;
1,2,2,0,11
3,0,0x03031600,0,1
;
1,2,0,11,2
3,0,0x03031600,1,1
;
1,0,11,2,2
3,0,0x03031600,2,1
;
1,11,2,2,0
3,0,0x03031600,3,1
;
;Stub into curve
1,00,02,02,11
3,0,0x03034B00,0,0
1,11,00,02,02
3,0,0x03034B00,1,0
1,02,11,00,02
3,0,0x03034B00,2,0
1,02,02,11,00
3,0,0x03034B00,3,0
1,02,02,00,13
3,0,0x03034B00,0,1
1,02,00,13,02
3,0,0x03034B00,1,1
1,00,13,02,02
3,0,0x03034B00,2,1
1,13,02,02,00
3,0,0x03034B00,3,1

;Diag Short
1,00,21,03,11
3,0,0x0302E900,0,0
1,11,00,21,03
3,0,0x0302E900,1,0
1,03,11,00,21
3,0,0x0302E900,2,0
1,21,03,11,00
3,0,0x0302E900,3,0
1,01,23,00,13
3,0,0x0302E900,0,1
1,23,00,13,01
3,0,0x0302E900,1,1
1,00,13,01,23
3,0,0x0302E900,2,1
1,13,01,23,00
3,0,0x0302E900,3,1

;Piece for turnout R2
;Stub into curve
1,02,02,00,32
3,0,0x03031700,0,0
1,32,02,02,00
3,0,0x03031700,1,0
1,00,32,02,02
3,0,0x03031700,2,0
1,02,00,32,02
3,0,0x03031700,3,0
1,0,2,2,52
3,0,0x03031700,0,1
1,2,2,52,0
3,0,0x03031700,1,1
1,2,52,0,2
3,0,0x03031700,2,1
1,52,0,2,2
3,0,0x03031700,3,1

;Piece for Curve
1,00,52,03,11
3,0,0x0306BD00,0,0
1,11,00,52,03
3,0,0x0306BD00,1,0
1,03,11,00,52
3,0,0x0306BD00,2,0
1,52,03,11,00
3,0,0x0306BD00,3,0
1,01,32,00,13
3,0,0x0306BD00,0,1
1,32,00,13,01
3,0,0x0306BD00,1,1
1,00,13,01,32
3,0,0x0306BD00,2,1
1,13,01,32,00
3,0,0x0306BD00,3,1

;Diagonal Switch Extended for WRC
1,2,21,3,2
3,0,0x0302f900,0,0
1,2,0,21,3
3,0,0x0302f900,1,0
1,3,2,2,21
3,0,0x0302f900,2,0
1,21,3,2,2
3,0,0x0302f900,3,0
1,1,23,2,2
3,0,0x0302f900,0,1
1,23,2,2,1
3,0,0x0302f900,1,1
1,2,2,1,23
3,0,0x0302f900,2,1
1,2,1,23,2
3,0,0x0302f900,3,1
;
;Switch off Double DTR
1,01,03,01,23
3,0,0x03134000,0,0
1,23,01,03,01
3,0,0x03134000,1,0
1,01,23,01,03
3,0,0x03134000,2,0
1,03,01,23,01
3,0,0x03134000,3,0
1,03,01,03,21
3,0,0x03134000,0,1
1,01,03,21,03
3,0,0x03134000,1,1
1,03,21,03,01
3,0,0x03134000,2,1
1,21,03,01,03
3,0,0x03134000,3,1
;
;Double DTR
1,01,03,01,03
3,0,0x03133E00,0,0
1,03,01,03,01
3,0,0x03133E00,3,0
;
;Double DTR End
1,00,00,03,01
3,0,0x03009C00,0,0
1,01,00,00,03
3,0,0x03009C00,1,0
1,03,01,00,00
3,0,0x03009C00,2,0
1,00,03,01,00
3,0,0x03009C00,3,0
;
;DTR perpendicular end
1,00,00,01,01
3,0,0x03001000,0,0
1,01,00,00,01
3,0,0x03001000,1,0
1,01,01,00,00
3,0,0x03001000,2,0
1,00,01,01,00
3,0,0x03001000,3,0
1,03,00,00,03
3,0,0x03001000,0,1
1,00,00,03,03
3,0,0x03001000,1,1
1,00,03,03,00
3,0,0x03001000,2,1
1,03,03,00,00
3,0,0x03001000,3,1
;
; diagonal switch with stub
1,2,21,3,2
3,0,0x0302f900,0,0
1,2,2,21,3
3,0,0x0302f900,1,0
1,3,2,2,21
3,0,0x0302f900,2,0
1,21,3,2,2
3,0,0x0302f900,3,0
1,1,23,2,2
3,0,0x0302f900,0,1
1,23,2,2,1
3,0,0x0302f900,1,1
1,2,2,1,23
3,0,0x0302f900,2,1
1,2,1,23,2
3,0,0x0302f900,3,1
;Diagonal split
;
1,01,03,01,13
3,0,0x03133E00,0,0
;
1,13,01,03,01
3,0,0x03133E00,1,0
;
1,01,13,01,03
3,0,0x03133E00,2,0
;
1,03,01,13,01
3,0,0x03133E00,3,0
;
1,3,1,3,11
3,0,0x03133E00,0,1
;
1,1,3,11,3
3,0,0x03133E00,1,1
;
1,3,11,3,1
3,0,0x03133E00,2,1
;
1,11,3,1,3
3,0,0x03133E00,3,1

;Added 012505 ~ Tropod
;Double Diagonal Merge
; Implemented to help "drawing/dragging" of double-diag rail
; Also See Rule Overrides RUL
; Piece E900
1,00,21,03,01
3,0,0x0302e900,0,0
1,01,00,21,03
3,0,0x0302e900,1,0
1,03,01,00,21
3,0,0x0302e900,2,0
1,21,03,01,00
3,0,0x0302e900,3,0
;Following is linked with piece 22 (10) in the Supplementary Rail RUL
1,01,03,00,13
3,0,0x0302e900,0,1
1,03,00,13,01
3,0,0x0302e900,1,1
1,00,13,01,03
3,0,0x0302e900,2,1
1,13,01,03,00
3,0,0x0302e900,3,1

;Median Flags for RRW
1,0,4,0,4
3,0,0x03031500,0,0
1,4,0,4,0
3,0,0x03031500,1,0
;
1,0,4,4,4
3,0,0x03031500,0,0
1,4,4,4,0
3,0,0x03031500,1,0
1,4,0,4,4
3,0,0x03031500,0,0
1,4,4,0,4
3,0,0x03031500,1,0

;Extended Flags
1,0,2,4,2
3,0,0x03031500,0,0
1,2,4,2,0
3,0,0x03031500,1,0
1,4,2,0,2
3,0,0x03031500,2,0
1,2,0,2,4
3,0,0x03031500,3,0
;
