;;;---(Coded by eggman121)-(!Special thanks to MEMO for the INRUL Rotation tool and Shadows Assassin for the INRULER Spreadsheet!)
;
;(Credit to Swordmaster for Texture bases)
;
;---------Start of FlexTrack FARR Subsection--------
;
;Coded and Textured by (woodb3kmaster) and (eggman121)
;
;----------;FARR 1.5 Section;----------;
;
;FARR 1.5 Straight
;
1,2,0,2,0
2,1,0,?,2,0
2,2,2,0,0,?
2,5,2,0,0,?
2,6,0,?,2,0
2,10,0,?,2,0
2,18,2,0,0,?
3,0,0x53770000,0,0
3,1,0x53770100,0,0
3,2,0x53770200,0,0
3,5,0x53770100,2,0
3,6,0x53770200,2,0
3,10,0x53770200,2,0
3,18,0x53770200,0,0
;
1,0,2,0,2
2,3,0,0,?,2
2,4,?,2,0,0
2,7,?,2,0,0
2,8,0,0,?,2
2,14,0,0,?,2
2,22,?,2,0,0
3,0,0x53770000,1,0
3,3,0x53770100,1,0
3,4,0x53770200,1,0
3,7,0x53770100,3,0
3,8,0x53770200,3,0
3,14,0x53770200,3,0
3,22,0x53770200,1,0
;
1,2,0,2,0
2,1,0,0,2,?
2,4,0,0,2,?
2,5,2,?,0,0
2,8,2,?,0,0
2,16,2,?,0,0
2,24,0,0,2,?
3,0,0x53770000,0,1
3,1,0x53770100,2,1
3,4,0x53770200,0,1
3,5,0x53770100,0,1
3,8,0x53770200,2,1
3,16,0x53770200,2,1
3,24,0x53770200,0,1
;
1,0,2,0,2
2,2,0,2,?,0
2,3,?,0,0,2
2,6,?,0,0,2
2,7,0,2,?,0
2,12,?,0,0,2
2,20,0,2,?,0
3,0,0x53770000,1,1
3,2,0x53770200,1,1
3,3,0x53770100,1,1
3,6,0x53770200,3,1
3,7,0x53770100,3,1
3,12,0x53770200,3,1
3,20,0x53770200,1,1
;
;FARR 1.5 orthogonal curve
;Section 1
;
1,0,0,2,0
2,2,2,0,2,0
2,3,2,0,2,0
2,4,2,0,0,0
2,5,2,0,2,0
2,10,?,0,2,0
2,17,2,0,0,?
2,18,0,?,2,0
3,0,0x53771400,0,0
3,2,0x53771100,0,0
3,3,0x53771200,0,0
3,4,0x53771300,0,0
3,5,0x53771500,0,0
3,10,0x53771000,0,0
3,17,0x53771600,0,0
3,18,0x53771700,0,0
;
1,0,0,0,2
2,4,0,2,0,2
2,5,0,2,0,2
2,6,0,2,0,0
2,7,0,2,0,2
2,14,0,?,0,2
2,21,?,2,0,0
2,22,0,0,?,2
3,0,0x53771400,1,0
3,4,0x53771100,1,0
3,5,0x53771200,1,0
3,6,0x53771300,1,0
3,7,0x53771500,1,0
3,14,0x53771000,1,0
3,21,0x53771600,1,0
3,22,0x53771700,1,0
;
1,2,0,0,0
2,1,2,0,2,0
2,6,2,0,2,0
2,7,2,0,2,0
2,8,0,0,2,0
2,9,0,?,2,0
2,10,2,0,0,?
2,18,2,0,?,0
3,0,0x53771400,2,0
3,1,0x53771500,2,0
3,6,0x53771100,2,0
3,7,0x53771200,2,0
3,8,0x53771300,2,0
3,9,0x53771600,2,0
3,10,0x53771700,2,0
3,18,0x53771000,2,0
;
1,0,2,0,0
2,1,0,2,0,2
2,2,0,0,0,2
2,3,0,2,0,2
2,8,0,2,0,2
2,13,0,0,?,2
2,14,?,2,0,0
2,22,0,2,0,?
3,0,0x53771400,3,0
3,1,0x53771200,3,0
3,2,0x53771300,3,0
3,3,0x53771500,3,0
3,8,0x53771100,3,0
3,13,0x53771600,3,0
3,14,0x53771700,3,0
3,22,0x53771000,3,0
;
1,2,0,0,0
2,1,2,0,2,0
2,2,0,0,2,0
2,3,2,0,2,0
2,4,2,0,2,0
2,9,0,0,2,?
2,16,2,0,?,0
2,24,2,?,0,0
3,0,0x53771400,0,1
3,1,0x53771500,0,1
3,2,0x53771300,0,1
3,3,0x53771200,0,1
3,4,0x53771100,0,1
3,9,0x53771600,0,1
3,16,0x53771000,0,1
3,24,0x53771700,0,1
;
1,0,0,0,2
2,1,0,2,0,2
2,2,0,2,0,2
2,7,0,2,0,2
2,8,0,2,0,0
2,12,0,?,0,2
2,20,?,0,0,2
2,21,0,2,?,0
3,0,0x53771400,1,1
3,1,0x53771200,1,1
3,2,0x53771100,1,1
3,7,0x53771500,1,1
3,8,0x53771300,1,1
3,12,0x53771000,1,1
3,20,0x53771700,1,1
3,21,0x53771600,1,1
;
1,0,0,2,0
2,5,2,0,2,0
2,6,2,0,0,0
2,7,2,0,2,0
2,8,2,0,2,0
2,16,0,0,2,?
2,17,2,?,0,0
2,24,?,0,2,0
3,0,0x53771400,2,1
3,5,0x53771500,2,1
3,6,0x53771300,2,1
3,7,0x53771200,2,1
3,8,0x53771100,2,1
3,16,0x53771700,2,1
3,17,0x53771600,2,1
3,24,0x53771000,2,1
;
1,0,2,0,0
2,3,0,2,0,2
2,4,0,0,0,2
2,5,0,2,0,2
2,6,0,2,0,2
2,12,0,2,?,0
2,13,?,0,0,2
2,20,0,2,0,?
3,0,0x53771400,3,1
3,3,0x53771500,3,1
3,4,0x53771300,3,1
3,5,0x53771200,3,1
3,6,0x53771100,3,1
3,12,0x53771700,3,1
3,13,0x53771600,3,1
3,20,0x53771000,3,1
;
;FARR 1.5 to FARR 2 curve
;
1,2,0,0,?
2,1,2,?,2,0
2,2,2,0,0,?
2,6,2,0,?,0
2,7,0,?,2,0
2,9,0,?,2,0
2,10,?,0,2,?
3,0,0x53775400,0,0
3,1,0x53775300,0,0
3,2,0x53775100,0,0
3,6,0x53775600,0,0
3,7,0x53775500,0,0
3,9,0x53775200,0,0
3,10,0x53775000,0,0
;
1,?,2,0,0
2,1,0,0,?,2
2,3,0,2,?,2
2,4,?,2,0,0
2,8,0,2,0,?
2,13,0,0,?,2
2,14,?,?,0,2
3,0,0x53775400,1,0
3,1,0x53775500,1,0
3,3,0x53775300,1,0
3,4,0x53775100,1,0
3,8,0x53775600,1,0
3,13,0x53775200,1,0
3,14,0x53775000,1,0
;
1,0,?,2,0
2,2,?,0,2,0
2,3,2,0,0,?
2,5,2,0,2,?
2,6,0,?,2,0
2,17,2,0,0,?
2,18,2,?,?,0
3,0,0x53775400,2,0
3,2,0x53775600,2,0
3,3,0x53775500,2,0
3,5,0x53775300,2,0
3,6,0x53775100,2,0
3,17,0x53775200,2,0
3,18,0x53775000,2,0
;
1,0,0,?,2
2,4,0,?,0,2
2,5,?,2,0,0
2,7,?,2,0,2
2,8,0,0,?,2
2,21,?,2,0,0
2,22,0,2,?,?
3,0,0x53775400,3,0
3,4,0x53775600,3,0
3,5,0x53775500,3,0
3,7,0x53775300,3,0
3,8,0x53775100,3,0
3,21,0x53775200,3,0
3,22,0x53775000,3,0
;
1,0,0,2,?
2,4,0,0,2,?
2,5,2,?,2,0
2,7,2,?,0,0
2,8,?,0,2,0
2,16,2,0,?,?
2,17,2,?,0,0
3,0,0x53775400,0,1
3,4,0x53775100,0,1
3,5,0x53775300,0,1
3,7,0x53775500,0,1
3,8,0x53775600,0,1
3,16,0x53775000,0,1
3,17,0x53775200,0,1
;
1,0,2,?,0
2,2,0,2,?,0
2,3,?,2,0,2
2,5,?,0,0,2
2,6,0,2,0,?
2,12,0,?,?,2
2,13,?,0,0,2
3,0,0x53775400,1,1
3,2,0x53775100,1,1
3,3,0x53775300,1,1
3,5,0x53775500,1,1
3,6,0x53775600,1,1
3,12,0x53775000,1,1
3,13,0x53775200,1,1
;
1,2,?,0,0
2,1,2,0,2,?
2,3,0,0,2,?
2,4,2,0,?,0
2,8,2,?,0,0
2,9,0,0,2,?
2,24,?,?,2,0
3,0,0x53775400,2,1
3,1,0x53775300,2,1
3,3,0x53775500,2,1
3,4,0x53775600,2,1
3,8,0x53775100,2,1
3,9,0x53775200,2,1
3,24,0x53775000,2,1
;
1,?,0,0,2
2,1,0,2,?,0
2,2,0,?,0,2
2,6,?,0,0,2
2,7,0,2,?,2
2,20,?,2,0,?
2,21,0,2,?,0
3,0,0x53775400,3,1
3,1,0x53775500,3,1
3,2,0x53775600,3,1
3,6,0x53775100,3,1
3,7,0x53775300,3,1
3,20,0x53775000,3,1
3,21,0x53775200,3,1
;
;FARR 1.5 diagonal curve
;
1,2,0,0,0
2,1,2,0,2,0
2,6,3,0,0,1
2,7,0,0,3,0
2,9,0,?,2,0
2,19,3,0,0,?
2,20,0,1,3,0
3,0,0x53772100,0,0
3,1,0x53772000,0,0
3,6,0x53772300,0,0
3,7,0x53772200,0,0
3,19,0x53772500,0,0
3,20,0x53772400,0,0
;
1,0,2,0,0
2,1,0,0,0,3
2,3,0,2,0,2
2,8,1,3,0,0
2,13,0,0,?,2
2,23,?,3,0,0
2,24,0,0,1,3
3,0,0x53772100,1,0
3,1,0x53772200,1,0
3,3,0x53772000,1,0
3,8,0x53772300,1,0
3,23,0x53772500,1,0
3,24,0x53772400,1,0
;
1,0,0,2,0
2,2,0,1,3,0
2,3,3,0,0,0
2,5,2,0,2,0
2,11,0,?,3,0
2,12,3,0,0,1
2,17,2,0,0,?
3,0,0x53772100,2,0
3,2,0x53772300,2,0
3,3,0x53772200,2,0
3,5,0x53772000,2,0
3,11,0x53772500,2,0
3,12,0x53772400,2,0
;
1,0,0,0,2
2,4,0,0,1,3
2,5,0,3,0,0
2,7,0,2,0,2
2,15,0,0,?,3
2,16,1,3,0,0
2,21,?,2,0,0
3,0,0x53772100,3,0
3,4,0x53772300,3,0
3,5,0x53772200,3,0
3,7,0x53772000,3,0
3,15,0x53772500,3,0
3,16,0x53772400,3,0
;
1,0,0,2,0
2,5,2,0,2,0
2,7,1,0,0,0
2,8,0,0,1,3
2,17,2,?,0,0
2,22,1,3,0,0
2,23,0,0,1,?
3,0,0x53772100,0,1
3,5,0x53772000,0,1
3,7,0x53772200,0,1
3,8,0x53772300,0,1
3,22,0x53772400,0,1
3,23,0x53772500,0,1
;
1,0,2,0,0
2,3,0,2,0,2
2,5,0,0,0,1
2,6,0,1,3,0
2,13,?,0,0,2
2,18,3,0,0,1
2,19,0,1,?,0
3,0,0x53772100,1,1
3,3,0x53772000,1,1
3,5,0x53772200,1,1
3,6,0x53772300,1,1
3,18,0x53772400,1,1
3,19,0x53772500,1,1
;
1,2,0,0,0
2,1,2,0,2,0
2,3,0,0,1,0
2,4,1,3,0,0
2,9,0,0,2,?
2,14,0,0,1,3
2,15,1,?,0,0
3,0,0x53772100,2,1
3,1,0x53772000,2,1
3,3,0x53772200,2,1
3,4,0x53772300,2,1
3,14,0x53772400,2,1
3,15,0x53772500,2,1
;
1,0,0,0,2
2,1,0,1,0,0
2,2,3,0,0,1
2,7,0,2,0,2
2,10,0,1,3,0
2,11,?,0,0,1
2,21,0,2,?,0
3,0,0x53772100,3,1
3,1,0x53772200,3,1
3,2,0x53772300,3,1
3,7,0x53772000,3,1
3,10,0x53772400,3,1
3,11,0x53772500,3,1
;
;FARR J2 Turnout
;
1,32,0,2,1
2,1,2,0,32,0
2,5,2,0,?,2
2,6,13,2,2,0
2,7,0,1,13,0
2,9,?,0,2,0
2,18,2,0,0,2
2,19,0,2,?,0
3,0,0x5377b200,0,0
3,1,0x5377b100,0,0
3,5,0x5377b300,0,0
3,6,0x53771500,0,0
3,7,0x53771400,0,0
3,9,0x5377b000,0,0
3,18,0x53771600,0,0
3,19,0x53771700,0,0
;
1,1,32,0,2
2,1,0,0,1,13
2,3,0,2,0,32
2,7,2,2,0,?
2,8,0,13,2,2
2,13,0,?,0,2
2,22,2,2,0,0
2,23,0,0,2,?
3,0,0x5377b200,1,0
3,1,0x53771400,1,0
3,3,0x5377b100,1,0
3,7,0x5377b300,1,0
3,8,0x53771500,1,0
3,13,0x5377b000,1,0
3,22,0x53771600,1,0
3,23,0x53771700,1,0
;
1,2,1,32,0
2,1,?,2,2,0
2,2,2,0,13,2
2,3,13,0,0,1
2,5,32,0,2,0
2,10,0,2,2,0
2,11,?,0,0,2
2,17,2,0,?,0
3,0,0x5377b200,2,0
3,1,0x5377b300,2,0
3,2,0x53771500,2,0
3,3,0x53771400,2,0
3,5,0x5377b100,2,0
3,10,0x53771600,2,0
3,11,0x53771700,2,0
3,17,0x5377b000,2,0
;
1,0,2,1,32
2,3,0,?,2,2
2,4,2,2,0,13
2,5,1,13,0,0
2,7,0,32,0,2
2,14,0,0,2,2
2,15,2,?,0,0
2,21,0,2,0,?
3,0,0x5377b200,3,0
3,3,0x5377b300,3,0
3,4,0x53771500,3,0
3,5,0x53771400,3,0
3,7,0x5377b100,3,0
3,14,0x53771600,3,0
3,15,0x53771700,3,0
3,21,0x5377b000,3,0
;
1,2,0,52,3
2,1,?,0,2,2
2,5,52,0,2,0
2,7,11,3,0,0
2,8,2,2,11,0
2,17,2,0,?,0
2,23,?,2,0,0
2,24,0,0,2,2
3,0,0x5377b200,0,1
3,1,0x5377b300,0,1
3,5,0x5377b100,0,1
3,7,0x53771400,0,1
3,8,0x53771500,0,1
3,17,0x5377b000,0,1
3,23,0x53771700,0,1
3,24,0x53771600,0,1
;
1,0,52,3,2
2,3,0,2,0,52
2,5,3,0,0,11
2,6,2,11,0,2
2,7,0,2,2,?
2,13,0,?,0,2
2,19,2,0,0,?
2,20,0,2,2,0
3,0,0x5377b200,1,1
3,3,0x5377b100,1,1
3,5,0x53771400,1,1
3,6,0x53771500,1,1
3,7,0x5377b300,1,1
3,13,0x5377b000,1,1
3,19,0x53771700,1,1
3,20,0x53771600,1,1
;
1,52,3,2,0
2,1,2,0,52,0
2,3,0,0,11,3
2,4,11,0,2,2
2,5,2,2,?,0
2,9,?,0,2,0
2,15,0,0,?,2
2,16,2,2,0,0
3,0,0x5377b200,2,1
3,1,0x5377b100,2,1
3,3,0x53771400,2,1
3,4,0x53771500,2,1
3,5,0x5377b300,2,1
3,9,0x5377b000,2,1
3,15,0x53771700,2,1
3,16,0x53771600,2,1
;
1,3,2,0,52
2,1,0,11,3,0
2,2,0,2,2,11
2,3,2,?,0,2
2,7,0,52,0,2
2,11,0,?,2,0
2,12,2,0,0,2
2,21,0,2,0,?
3,0,0x5377b200,3,1
3,1,0x53771400,3,1
3,2,0x53771500,3,1
3,3,0x5377b300,3,1
3,7,0x5377b100,3,1
3,11,0x53771700,3,1
3,12,0x53771600,3,1
3,21,0x5377b000,3,1
;
;End FARR 1.5 Section
;
;----------;FARR 2 Section;----------;
;FARR 2 Stright INRUL
;
;(0x53750000) Piece
;
1,2,?,2,0
2,1,0,?,2,0
2,2,2,0,2,?
2,3,2,0,0,?
2,5,2,0,2,?
2,17,2,0,0,?
3,0,0x53750000,2,0
;
1,0,2,?,2
2,3,0,0,?,2
2,4,?,2,0,2
2,5,?,2,0,0
2,7,?,2,0,2
2,21,?,2,0,0
3,0,0x53750000,3,0
;
1,2,0,2,?
2,1,2,?,2,0
2,5,2,0,0,?
2,6,2,?,2,0
2,7,0,?,2,0
2,9,0,?,2,0
3,0,0x53750000,0,0
;
1,?,2,0,2
2,1,0,0,?,2
2,3,0,2,?,2
2,7,?,2,0,0
2,8,0,2,?,2
2,13,0,0,?,2
3,0,0x53750000,1,0
;
1,2,?,2,0
2,1,2,0,2,?
2,3,0,0,2,?
2,4,2,0,2,?
2,5,2,?,0,0
2,9,0,0,2,?
3,0,0x53750000,2,1
;
1,?,2,0,2
2,1,0,2,?,0
2,2,0,2,?,2
2,3,?,0,0,2
2,7,0,2,?,2
2,21,0,2,?,0
3,0,0x53750000,3,1
;
1,2,0,2,?
2,1,0,0,2,?
2,5,2,?,2,0
2,7,2,?,0,0
2,8,2,?,2,0
2,17,2,?,0,0
3,0,0x53750000,0,1
;
1,0,2,?,2
2,3,?,2,0,2
2,5,?,0,0,2
2,6,?,2,0,2
2,7,0,2,?,0
2,13,?,0,0,2
3,0,0x53750000,1,1
;
;(0x53750100) Piece
;
1,0,?,2,0
2,2,2,?,2,0
2,3,2,0,2,?
2,4,2,0,0,?
2,5,2,?,2,0
2,10,0,?,2,0
3,0,0x53750100,2,0
;
1,0,0,?,2
2,4,0,2,?,2
2,5,?,2,0,2
2,6,?,2,0,0
2,7,0,2,?,2
2,14,0,0,?,2
3,0,0x53750100,3,0
;
1,2,0,0,?
2,1,2,0,2,?
2,6,2,0,2,?
2,7,2,?,2,0
2,8,0,?,2,0
2,18,2,0,0,?
3,0,0x53750100,0,0
;
1,?,2,0,0
2,1,0,2,?,2
2,2,0,0,?,2
2,3,?,2,0,2
2,8,?,2,0,2
2,22,?,2,0,0
3,0,0x53750100,1,0
;
1,2,?,0,0
2,1,2,?,2,0
2,2,0,0,2,?
2,3,2,0,2,?
2,4,2,?,2,0
2,16,2,?,0,0
3,0,0x53750100,2,1
;
1,?,0,0,2
2,1,0,2,?,2
2,2,?,2,0,2
2,7,?,2,0,2
2,8,0,2,?,0
2,12,?,0,0,2
3,0,0x53750100,3,1
;
1,0,0,2,?
2,5,2,0,2,?
2,6,2,?,0,0
2,7,2,?,2,0
2,8,2,0,2,?
2,24,0,0,2,?
3,0,0x53750100,0,1
;
1,0,2,?,0
2,3,0,2,?,2
2,4,?,0,0,2
2,5,?,2,0,2
2,6,0,2,?,2
2,20,0,2,?,0
3,0,0x53750100,1,1
;
;FAR-2 to Orthogonal
;
1,2,0,0,0
2,1,?,0,2,0
2,5,0,0,2,?
2,6,0,?,2,0
2,17,2,0,0,?
2,18,2,?,2,0
3,0,0x53751100,0,0
3,1,0x53751000,0,0
3,5,0x53751200,0,0
3,6,0x53751400,0,0
3,17,0x53751300,0,0
3,18,0x53751500,0,0
;
1,0,2,0,0
2,3,0,?,0,2
2,7,?,0,0,2
2,8,0,0,?,2
2,21,?,2,0,0
2,22,0,2,?,2
3,0,0x53751100,1,0
3,3,0x53751000,1,0
3,7,0x53751200,1,0
3,8,0x53751400,1,0
3,21,0x53751300,1,0
3,22,0x53751500,1,0
;
1,0,0,2,0
2,1,2,?,0,0
2,2,2,0,0,?
2,5,2,0,?,0
2,9,0,?,2,0
2,10,2,0,2,?
3,0,0x53751100,2,0
3,1,0x53751200,2,0
3,2,0x53751400,2,0
3,5,0x53751000,2,0
3,9,0x53751300,2,0
3,10,0x53751500,2,0
;
1,0,0,0,2
2,3,0,2,?,0
2,4,?,2,0,0
2,7,0,2,0,?
2,13,0,0,?,2
2,14,?,2,0,2
3,0,0x53751100,3,0
3,3,0x53751200,3,0
3,4,0x53751400,3,0
3,7,0x53751000,3,0
3,13,0x53751300,3,0
3,14,0x53751500,3,0
;
1,0,0,2,0
2,1,2,0,0,?
2,5,2,0,?,0
2,8,2,?,0,0
2,9,0,0,2,?
2,24,2,?,2,0
3,0,0x53751100,0,1
3,1,0x53751200,0,1
3,5,0x53751000,0,1
3,8,0x53751400,0,1
3,9,0x53751300,0,1
3,24,0x53751500,0,1
;
1,0,2,0,0
2,3,0,?,0,2
2,6,?,0,0,2
2,7,0,0,?,2
2,20,?,2,0,2
2,21,0,2,?,0
3,0,0x53751100,1,1
3,3,0x53751000,1,1
3,6,0x53751400,1,1
3,7,0x53751200,1,1
3,20,0x53751500,1,1
3,21,0x53751300,1,1
;
1,2,0,0,0
2,1,?,0,2,0
2,4,0,0,2,?
2,5,0,?,2,0
2,16,2,0,2,?
2,17,2,?,0,0
3,0,0x53751100,2,1
3,1,0x53751000,2,1
3,4,0x53751400,2,1
3,5,0x53751200,2,1
3,16,0x53751500,2,1
3,17,0x53751300,2,1
;
1,0,0,0,2
2,2,0,2,?,0
2,3,?,2,0,0
2,7,0,2,0,?
2,12,0,2,?,2
2,13,?,0,0,2
3,0,0x53751100,3,1
3,2,0x53751400,3,1
3,3,0x53751200,3,1
3,7,0x53751000,3,1
3,12,0x53751500,3,1
3,13,0x53751300,3,1
;
;FAR-2_To_Diagonal
;
1,2,?,0,0
2,1,0,?,2,0
2,2,2,0,2,?
2,3,2,0,0,?
2,5,0,0,0,1
2,6,0,1,3,0
2,18,3,0,0,1
2,19,0,1,3,0
3,0,0x53752300,0,0
3,1,0x53752200,0,0
3,2,0x53752000,0,0
3,3,0x53752100,0,0
3,5,0x53752400,0,0
3,6,0x53752500,0,0
3,18,0x53752600,0,0
3,19,0x53752700,0,0
;
1,0,2,?,0
2,3,0,0,?,2
2,4,?,2,0,2
2,5,?,2,0,0
2,7,1,0,0,0
2,8,0,0,1,3
2,22,1,3,0,0
2,23,0,0,1,3
3,0,0x53752300,1,0
3,3,0x53752200,1,0
3,4,0x53752000,1,0
3,5,0x53752100,1,0
3,7,0x53752400,1,0
3,8,0x53752500,1,0
3,22,0x53752600,1,0
3,23,0x53752700,1,0
;
1,0,0,2,?
2,1,0,1,0,0
2,2,3,0,0,1
2,5,2,0,0,?
2,6,2,?,2,0
2,7,0,?,2,0
2,10,0,1,3,0
2,11,3,0,0,1
3,0,0x53752300,2,0
3,1,0x53752400,2,0
3,2,0x53752500,2,0
3,5,0x53752200,2,0
3,6,0x53752000,2,0
3,7,0x53752100,2,0
3,10,0x53752600,2,0
3,11,0x53752700,2,0
;
1,?,0,0,2
2,1,0,0,?,2
2,3,0,0,1,0
2,4,1,3,0,0
2,7,?,2,0,0
2,8,0,2,?,2
2,14,0,0,1,3
2,15,1,3,0,0
3,0,0x53752300,3,0
3,1,0x53752100,3,0
3,3,0x53752400,3,0
3,4,0x53752500,3,0
3,7,0x53752200,3,0
3,8,0x53752000,3,0
3,14,0x53752600,3,0
3,15,0x53752700,3,0
;
1,0,?,2,0
2,1,0,0,0,3
2,3,0,0,2,?
2,4,2,0,2,?
2,5,2,?,0,0
2,8,1,3,0,0
2,23,1,3,0,0
2,24,0,0,1,3
3,0,0x53752300,0,1
3,1,0x53752400,0,1
3,3,0x53752100,0,1
3,4,0x53752000,0,1
3,5,0x53752200,0,1
3,8,0x53752500,0,1
3,23,0x53752700,0,1
3,24,0x53752600,0,1
;
1,4,?,0,0
2,1,0,2,?,0
2,2,0,2,?,2
2,3,?,0,0,2
2,6,3,0,0,1
2,7,0,0,3,0
2,19,3,0,0,1
2,20,0,1,3,0
3,0,0x53752300,1,1
3,1,0x53752100,1,1
3,2,0x53752000,1,1
3,3,0x53752200,1,1
3,6,0x53752500,1,1
3,7,0x53752400,1,1
3,19,0x53752700,1,1
3,20,0x53752600,1,1
;
1,2,0,0,?
2,1,0,0,2,?
2,4,0,0,1,3
2,5,0,3,0,0
2,7,2,?,0,0
2,8,2,?,2,0
2,15,0,0,1,3
2,16,1,3,0,0
3,0,0x53752300,2,1
3,1,0x53752200,2,1
3,4,0x53752500,2,1
3,5,0x53752400,2,1
3,7,0x53752100,2,1
3,8,0x53752000,2,1
3,15,0x53752700,2,1
3,16,0x53752600,2,1
;
1,0,0,?,2
2,2,0,1,3,0
2,3,3,0,0,0
2,5,?,0,0,2
2,6,?,2,0,2
2,7,0,2,?,0
2,11,0,1,3,0
2,12,3,0,0,1
3,0,0x53752300,3,1
3,2,0x53752500,3,1
3,3,0x53752400,3,1
3,5,0x53752100,3,1
3,6,0x53752000,3,1
3,7,0x53752200,3,1
3,11,0x53752700,3,1
3,12,0x53752600,3,1
;
;FARR 2 Turnouts
;
;FARR 2 G2 Turnout
;
1,32,0,2,1
2,1,2,0,32,0
2,5,2,0,2,2
2,6,13,2,2,0
2,7,0,1,13,0
2,9,?,0,2,0
2,18,2,0,?,0
3,0,0x5394B200,0,0
3,1,0x5394B100,0,0
3,5,0x5394B300,0,0
3,6,0x53751500,0,0
3,7,0x53751400,0,0
3,9,0x5394B000,0,0
;
1,1,32,0,2
2,1,0,0,1,13
2,3,0,2,0,32
2,7,2,2,0,2
2,8,0,13,2,2
2,13,0,?,0,2
2,22,0,2,0,?
3,0,0x5394B200,1,0
3,1,0x53751400,1,0
3,3,0x5394B100,1,0
3,7,0x5394B300,1,0
3,8,0x53751500,1,0
3,13,0x5394B000,1,0
;
1,2,1,32,0
2,1,2,2,2,0
2,2,2,0,13,2
2,3,13,0,0,1
2,5,32,0,2,0
2,10,?,0,2,0
2,17,2,0,?,0
3,0,0x5394B200,2,0
3,1,0x5394B300,2,0
3,2,0x53751500,2,0
3,3,0x53751400,2,0
3,5,0x5394B100,2,0
3,17,0x5394B000,2,0
;
1,0,2,1,32
2,3,0,2,2,2
2,4,2,2,0,13
2,5,1,13,0,0
2,7,0,32,0,2
2,14,0,?,0,2
2,21,0,2,0,?
3,0,0x5394B200,3,0
3,3,0x5394B300,3,0
3,4,0x53751500,3,0
3,5,0x53751400,3,0
3,7,0x5394B100,3,0
3,21,0x5394B000,3,0
;
1,2,0,52,3
2,1,2,0,2,2
2,5,52,0,2,0
2,7,11,3,0,0
2,8,2,2,11,0
2,17,2,0,?,0
2,24,?,0,2,0
3,0,0x5394B200,0,1
3,1,0x5394B300,0,1
3,5,0x5394B100,0,1
3,7,0x53751400,0,1
3,8,0x53751500,0,1
3,17,0x5394B000,0,1
;
1,0,52,3,2
2,3,0,2,0,52
2,5,3,0,0,11
2,6,2,11,0,2
2,7,0,2,2,2
2,13,0,?,0,2
2,20,0,2,0,?
3,0,0x5394B200,1,1
3,3,0x5394B100,1,1
3,5,0x53751400,1,1
3,6,0x53751500,1,1
3,7,0x5394B300,1,1
3,13,0x5394B000,1,1
;
1,52,3,2,0
2,1,2,0,52,0
2,3,0,0,11,3
2,4,11,0,2,2
2,5,2,2,2,0
2,9,?,0,2,0
2,16,2,0,?,0
3,0,0x5394B200,2,1
3,1,0x5394B100,2,1
3,3,0x53751400,2,1
3,4,0x53751500,2,1
3,5,0x5394B300,2,1
3,9,0x5394B000,2,1
;
1,3,2,0,52
2,1,0,11,3,0
2,2,0,2,2,11
2,3,2,2,0,2
2,7,0,52,0,2
2,12,0,?,0,2
2,21,0,2,0,?
3,0,0x5394B200,3,1
3,1,0x53751400,3,1
3,2,0x53751500,3,1
3,3,0x5394B300,3,1
3,7,0x5394B100,3,1
3,21,0x5394B000,3,1
;
;FAR_2_Crossings
;
;Orthogonal_Rail
;
1,0,2,2,2
2,3,2,2,?,2
2,4,?,0,0,?
2,5,?,?,?,0
3,0,0x53750300,0,0
3,3,0x53750200,0,0
3,4,0x53750100,0,0
3,5,0x53750000,2,0
;
1,2,0,2,2
2,5,2,2,2,?
2,6,?,?,0,0
2,7,0,?,?,?
3,0,0x53750300,1,0
3,5,0x53750200,1,0
3,6,0x53750100,1,0
3,7,0x53750000,3,0
;
1,2,2,0,2
2,1,?,0,?,?
2,7,?,2,2,2
2,8,0,?,?,0
3,0,0x53750300,2,0
3,1,0x53750000,0,0
3,7,0x53750200,2,0
3,8,0x53750100,2,0
;
1,2,2,2,0
2,1,2,?,2,2
2,2,0,0,?,?
2,3,?,?,0,?
3,0,0x53750300,3,0
3,1,0x53750200,3,0
3,2,0x53750100,3,0
3,3,0x53750000,1,0
;
1,2,2,0,2
2,1,?,?,?,0
2,2,0,0,?,?
2,3,?,2,2,2
3,0,0x53750300,0,1
3,1,0x53750000,2,1
3,2,0x53750100,0,1
3,3,0x53750200,0,1
;
1,2,0,2,2
2,1,2,2,2,?
2,7,?,?,0,?
2,8,0,?,?,0
3,0,0x53750300,1,1
3,1,0x53750200,1,1
3,7,0x53750000,3,1
3,8,0x53750100,1,1
;
1,0,2,2,2
2,5,?,0,?,?
2,6,?,?,0,0
2,7,2,2,?,2
3,0,0x53750300,2,1
3,5,0x53750000,0,1
3,6,0x53750100,2,1
3,7,0x53750200,2,1
;
1,2,2,2,0
2,3,0,?,?,?
2,4,?,0,0,?
2,5,2,?,2,2
3,0,0x53750300,3,1
3,3,0x53750000,1,1
3,4,0x53750100,3,1
3,5,0x53750200,3,1
;
;FAR2_x_FAR2
;
1,2,2,2,0
2,1,0,2,2,2
2,2,2,0,2,2
2,3,2,2,0,2
3,0,0x53750400,2,0
;
1,0,2,2,2
2,3,2,0,2,2
2,4,2,2,0,2
2,5,2,2,2,0
3,0,0x53750400,3,0
;
1,2,0,2,2
2,5,2,2,0,2
2,6,2,2,2,0
2,7,0,2,2,2
3,0,0x53750400,0,0
;
1,2,2,0,2
2,1,2,0,2,2
2,7,2,2,2,0
2,8,0,2,2,2
3,0,0x53750400,1,0
;
1,2,2,2,0
2,3,0,2,2,2
2,4,2,0,2,2
2,5,2,2,0,2
3,0,0x53750400,2,1
;
1,2,2,0,2
2,1,2,2,2,0
2,2,0,2,2,2
2,3,2,0,2,2
3,0,0x53750400,3,1
;
1,2,0,2,2
2,1,0,2,2,2
2,7,2,2,0,2
2,8,2,2,2,0
3,0,0x53750400,0,1
;
1,0,2,2,2
2,5,2,0,2,2
2,6,2,2,0,2
2,7,2,2,2,0
3,0,0x53750400,1,1
;
;----------;FARR 3 Section;----------;
;
;FARR 3 Straight
;
1,2,0,2,0
2,1,2,0,2,0
2,5,2,0,0,?
2,6,0,?,2,0
2,9,0,?,2,0
2,10,2,0,0,?
3,0,0x53740100,0,0
3,5,0x53740000,0,0
;
1,0,2,0,2
2,3,0,2,0,2
2,7,?,2,0,0
2,8,0,0,?,2
2,13,0,0,?,2
2,14,?,2,0,0
3,0,0x53740100,1,0
3,7,0x53740000,1,0
;
1,2,0,2,0
2,1,0,?,2,0
2,2,2,0,0,?
2,5,2,0,2,0
2,17,2,0,0,?
2,18,0,?,2,0
3,0,0x53740100,2,0
3,1,0x53740000,2,0
;
1,0,2,0,2
2,3,0,0,?,2
2,4,?,2,0,0
2,7,0,2,0,2
2,21,?,2,0,0
2,22,0,0,?,2
3,0,0x53740100,3,0
3,3,0x53740000,3,0
;
1,2,0,2,0
2,1,0,0,2,?
2,5,2,0,2,0
2,8,2,?,0,0
2,16,0,0,2,?
2,17,2,?,0,0
3,0,0x53740100,0,1
3,1,0x53740000,0,1
;
1,0,2,0,2
2,3,0,2,0,2
2,6,?,0,0,2
2,7,0,2,?,0
2,12,0,2,?,0
2,13,?,0,0,2
3,0,0x53740100,1,1
3,7,0x53740000,1,1
;
1,2,0,2,0
2,1,2,0,2,0
2,4,0,0,2,?
2,5,2,?,0,0
2,9,0,0,2,?
2,24,2,?,0,0
3,0,0x53740100,2,1
3,5,0x53740000,2,1
;
1,0,2,0,2
2,2,0,2,?,0
2,3,?,0,0,2
2,7,0,2,0,2
2,20,?,0,0,2
2,21,0,2,?,0
3,0,0x53740100,3,1
3,3,0x53740000,3,1
;
;FARR 3 to Orthogonal 
;
1,0,0,2,0
2,1,2,0,0,0
2,5,2,0,0,?
2,6,0,?,2,0
2,9,2,0,2,0
2,18,2,0,?,0
3,0,0x53741200,0,0
3,1,0x53741100,0,0
3,5,0x53741300,0,0
3,6,0x53741400,0,0
3,9,0x53741000,0,0
3,18,0x53741500,0,0
;
1,0,0,0,2
2,3,0,2,0,0
2,7,?,2,0,0
2,8,0,0,?,2
2,13,0,2,0,2
2,22,0,2,0,?
3,0,0x53741200,1,0
3,3,0x53741100,1,0
3,7,0x53741300,1,0
3,8,0x53741400,1,0
3,13,0x53741000,1,0
3,22,0x53741500,1,0
;
1,2,0,0,0
2,1,0,?,2,0
2,2,2,0,0,?
2,5,0,0,2,0
2,10,?,0,2,0
2,17,2,0,2,0
3,0,0x53741200,2,0
3,1,0x53741300,2,0
3,2,0x53741400,2,0
3,5,0x53741100,2,0
3,10,0x53741500,2,0
3,17,0x53741000,2,0
;
1,0,2,0,0
2,3,0,0,?,2
2,4,?,2,0,0
2,7,0,0,0,2
2,14,0,?,0,2
2,21,0,2,0,2
3,0,0x53741200,3,0
3,3,0x53741300,3,0
3,4,0x53741400,3,0
3,7,0x53741100,3,0
3,14,0x53741500,3,0
3,21,0x53741000,3,0
;
1,2,0,0,0
2,1,0,0,2,?
2,5,0,0,2,0
2,8,2,?,0,0
2,17,2,0,2,0
2,24,?,0,2,0
3,0,0x53741200,0,1
3,1,0x53741300,0,1
3,5,0x53741100,0,1
3,8,0x53741400,0,1
3,17,0x53741000,0,1
3,24,0x53741500,0,1
;
1,0,0,0,2
2,3,0,2,0,0
2,6,?,0,0,2
2,7,0,2,?,0
2,13,0,2,0,2
2,20,0,2,0,?
3,0,0x53741200,1,1
3,3,0x53741100,1,1
3,6,0x53741400,1,1
3,7,0x53741300,1,1
3,13,0x53741000,1,1
3,20,0x53741500,1,1
;
1,0,0,2,0
2,1,2,0,0,0
2,4,0,0,2,?
2,5,2,?,0,0
2,9,2,0,2,0
2,16,2,0,?,0
3,0,0x53741200,2,1
3,1,0x53741100,2,1
3,4,0x53741400,2,1
3,5,0x53741300,2,1
3,9,0x53741000,2,1
3,16,0x53741500,2,1
;
1,0,2,0,0
2,2,0,2,?,0
2,3,?,0,0,2
2,7,0,0,0,2
2,12,0,?,0,2
2,21,0,2,0,2
3,0,0x53741200,3,1
3,2,0x53741400,3,1
3,3,0x53741300,3,1
3,7,0x53741100,3,1
3,12,0x53741500,3,1
3,21,0x53741000,3,1
;
;FARR 3 to Diagonal
;
1,2,0,0,0
2,1,0,?,2,0
2,2,2,0,0,?
2,5,0,0,0,1
2,6,0,1,3,0
2,10,2,0,2,0
2,18,3,0,0,?
3,0,0x53742300,0,0
3,1,0x53742200,0,0
3,2,0x53742100,0,0
3,5,0x53742400,0,0
3,6,0x53742500,0,0
3,10,0x53742000,0,0
3,18,0x53742600,0,0
;
1,0,2,0,0
2,3,0,0,?,2
2,4,?,2,0,0
2,7,1,0,0,0
2,8,0,0,1,3
2,14,0,2,0,2
2,22,?,3,0,0
3,0,0x53742300,1,0
3,3,0x53742200,1,0
3,4,0x53742100,1,0
3,7,0x53742400,1,0
3,8,0x53742500,1,0
3,14,0x53742000,1,0
3,22,0x53742600,1,0
;
1,0,0,2,0
2,1,0,1,0,0
2,2,3,0,0,1
2,5,2,0,0,?
2,6,0,?,2,0
2,10,0,?,3,0
2,18,2,0,2,0
3,0,0x53742300,2,0
3,1,0x53742400,2,0
3,2,0x53742500,2,0
3,5,0x53742200,2,0
3,6,0x53742100,2,0
3,10,0x53742600,2,0
3,18,0x53742000,2,0
;
1,0,0,0,2
2,3,0,0,1,0
2,4,1,3,0,0
2,7,?,2,0,0
2,8,0,0,?,2
2,14,0,0,?,3
2,22,0,2,0,2
3,0,0x53742300,3,0
3,3,0x53742400,3,0
3,4,0x53742500,3,0
3,7,0x53742200,3,0
3,8,0x53742100,3,0
3,14,0x53742600,3,0
3,22,0x53742000,3,0
;
1,0,0,2,0
2,1,0,0,0,3
2,4,0,0,2,?
2,5,2,?,0,0
2,8,1,3,0,0
2,16,2,0,2,0
2,24,0,0,1,?
3,0,0x53742300,0,1
3,1,0x53742400,0,1
3,4,0x53742100,0,1
3,5,0x53742200,0,1
3,8,0x53742500,0,1
3,16,0x53742000,0,1
3,24,0x53742600,0,1
;
1,0,2,0,0
2,2,0,2,?,0
2,3,?,0,0,2
2,6,3,0,0,1
2,7,0,0,3,0
2,12,0,2,0,2
2,20,0,1,?,0
3,0,0x53742300,1,1
3,2,0x53742100,1,1
3,3,0x53742200,1,1
3,6,0x53742500,1,1
3,7,0x53742400,1,1
3,12,0x53742000,1,1
3,20,0x53742600,1,1
;
1,2,0,0,0
2,1,0,0,2,?
2,4,0,0,1,3
2,5,0,3,0,0
2,8,2,?,0,0
2,16,1,?,0,0
2,24,2,0,2,0
3,0,0x53742300,2,1
3,1,0x53742200,2,1
3,4,0x53742500,2,1
3,5,0x53742400,2,1
3,8,0x53742100,2,1
3,16,0x53742600,2,1
3,24,0x53742000,2,1
;
1,0,0,0,2
2,2,0,1,3,0
2,3,3,0,0,0
2,6,?,0,0,2
2,7,0,2,?,0
2,12,?,0,0,1
2,20,0,2,0,2
3,0,0x53742300,3,1
3,2,0x53742500,3,1
3,3,0x53742400,3,1
3,6,0x53742100,3,1
3,7,0x53742200,3,1
3,12,0x53742600,3,1
3,20,0x53742000,3,1
;
;FARR 3 to FARR 2 Curve
;
1,2,0,2,0
2,1,0,?,2,0
2,2,2,0,0,?
2,5,2,0,2,?
2,6,0,?,2,0
2,10,?,0,2,0
2,17,2,0,0,?
2,18,2,?,?,0
3,0,0x53743200,0,0
3,1,0x53743100,0,0
3,2,0x53743000,0,0
3,5,0x53743300,0,0
3,6,0x53743500,0,0
3,10,0x53740100,0,0
3,17,0x53743400,0,0
3,18,0x53743600,0,0
;
1,0,2,0,2
2,3,0,0,?,2
2,4,?,2,0,0
2,7,?,2,0,2
2,8,0,0,?,2
2,14,0,?,0,2
2,21,?,2,0,0
2,22,0,2,?,?
3,0,0x53743200,1,0
3,3,0x53743100,1,0
3,4,0x53743000,1,0
3,7,0x53743300,1,0
3,8,0x53743500,1,0
3,14,0x53740100,1,0
3,21,0x53743400,1,0
3,22,0x53743600,1,0
;
1,2,0,2,0
2,1,2,?,2,0
2,2,2,0,0,?
2,5,2,0,0,?
2,6,0,?,2,0
2,9,0,?,2,0
2,10,?,0,2,?
2,18,2,0,?,0
3,0,0x53743200,2,0
3,1,0x53743300,2,0
3,2,0x53743500,2,0
3,5,0x53743100,2,0
3,6,0x53743000,2,0
3,9,0x53743400,2,0
3,10,0x53743600,2,0
3,18,0x53740100,2,0
;
1,0,2,0,2
2,3,0,2,?,2
2,4,?,2,0,0
2,7,?,2,0,0
2,8,0,0,?,2
2,13,0,0,?,2
2,14,?,?,0,2
2,22,0,2,0,?
3,0,0x53743200,3,0
3,3,0x53743300,3,0
3,4,0x53743500,3,0
3,7,0x53743100,3,0
3,8,0x53743000,3,0
3,13,0x53743400,3,0
3,14,0x53743600,3,0
3,22,0x53740100,3,0
;
1,2,0,2,0
2,1,2,0,2,?
2,4,0,0,2,?
2,5,2,?,0,0
2,8,2,?,0,0
2,9,0,0,2,?
2,16,2,0,?,0
2,24,?,?,2,0
3,0,0x53743200,0,1
3,1,0x53743300,0,1
3,4,0x53743000,0,1
3,5,0x53743100,0,1
3,8,0x53743500,0,1
3,9,0x53743400,0,1
3,16,0x53740100,0,1
3,24,0x53743600,0,1
;
1,0,2,0,2
2,2,0,2,?,0
2,3,?,0,0,2
2,6,?,0,0,2
2,7,0,2,?,2
2,12,0,?,0,2
2,20,?,2,0,?
2,21,0,2,?,0
3,0,0x53743200,1,1
3,2,0x53743000,1,1
3,3,0x53743100,1,1
3,6,0x53743500,1,1
3,7,0x53743300,1,1
3,12,0x53740100,1,1
3,20,0x53743600,1,1
3,21,0x53743400,1,1
;
1,2,0,2,0
2,1,0,0,2,?
2,4,0,0,2,?
2,5,2,?,2,0
2,8,2,?,0,0
2,16,2,0,?,?
2,17,2,?,0,0
2,24,?,0,2,0
3,0,0x53743200,2,1
3,1,0x53743100,2,1
3,4,0x53743500,2,1
3,5,0x53743300,2,1
3,8,0x53743000,2,1
3,16,0x53743600,2,1
3,17,0x53743400,2,1
3,24,0x53740100,2,1
;
1,0,2,0,2
2,2,0,2,?,0
2,3,?,2,0,2
2,6,?,0,0,2
2,7,0,2,?,0
2,12,0,?,?,2
2,13,?,0,0,2
2,20,0,2,0,?
3,0,0x53743200,3,1
3,2,0x53743500,3,1
3,3,0x53743300,3,1
3,6,0x53743000,3,1
3,7,0x53743100,3,1
3,12,0x53743600,3,1
3,13,0x53743400,3,1
3,20,0x53740100,3,1
;
;---------(Turnouts_Section)-----
;
;---------(C2_Turnout)-----------
;
1,2,0,2,0
2,1,2,0,2,0
2,5,2,0,2,2
2,6,0,2,0,0
2,9,?,0,2,0
2,17,2,0,?,2
2,18,0,2,2,0
3,0,0x5394A200,0,0
3,1,0x5394A100,0,0
3,5,0x5394A300,0,0
3,6,0x5394A500,0,0
3,9,0x5394A000,0,0
3,17,0x5394A400,0,0
3,18,0x5394A600,0,0
;
1,0,2,0,2
2,3,0,2,0,2
2,7,2,2,0,2
2,8,0,0,2,0
2,13,0,?,0,2
2,21,2,2,0,?
2,22,0,0,2,2
3,0,0x5394A200,1,0
3,3,0x5394A100,1,0
3,7,0x5394A300,1,0
3,8,0x5394A500,1,0
3,13,0x5394A000,1,0
3,21,0x5394A400,1,0
3,22,0x5394A600,1,0
;
1,2,0,2,0
2,1,2,2,2,0
2,2,0,0,0,2
2,5,2,0,2,0
2,9,?,2,2,0
2,10,2,0,0,2
2,17,2,0,?,0
3,0,0x5394A200,2,0
3,1,0x5394A300,2,0
3,2,0x5394A500,2,0
3,5,0x5394A100,2,0
3,9,0x5394A400,2,0
3,10,0x5394A600,2,0
3,17,0x5394A000,2,0
;
1,0,2,0,2
2,3,0,2,2,2
2,4,2,0,0,0
2,7,0,2,0,2
2,13,0,?,2,2
2,14,2,2,0,0
2,21,0,2,0,?
3,0,0x5394A200,3,0
3,3,0x5394A300,3,0
3,4,0x5394A500,3,0
3,7,0x5394A100,3,0
3,13,0x5394A400,3,0
3,14,0x5394A600,3,0
3,21,0x5394A000,3,0
;
1,2,0,2,0
2,1,2,0,2,2
2,5,2,0,2,0
2,8,0,2,0,0
2,9,?,0,2,2
2,17,2,0,?,0
2,24,2,2,0,0
3,0,0x5394A200,0,1
3,1,0x5394A300,0,1
3,5,0x5394A100,0,1
3,8,0x5394A500,0,1
3,9,0x5394A400,0,1
3,17,0x5394A000,0,1
3,24,0x5394A600,0,1
;
1,0,2,0,2
2,3,0,2,0,2
2,6,2,0,0,0
2,7,0,2,2,2
2,13,0,?,0,2
2,20,2,0,0,2
2,21,0,2,2,?
3,0,0x5394A200,1,1
3,3,0x5394A100,1,1
3,6,0x5394A500,1,1
3,7,0x5394A300,1,1
3,13,0x5394A000,1,1
3,20,0x5394A600,1,1
3,21,0x5394A400,1,1
;
1,2,0,2,0
2,1,2,0,2,0
2,4,0,0,0,2
2,5,2,2,2,0
2,9,?,0,2,0
2,16,0,0,2,2
2,17,2,2,?,0
3,0,0x5394A200,2,1
3,1,0x5394A100,2,1
3,4,0x5394A500,2,1
3,5,0x5394A300,2,1
3,9,0x5394A000,2,1
3,16,0x5394A600,2,1
3,17,0x5394A400,2,1
;
1,0,2,0,2
2,2,0,0,2,0
2,3,2,2,0,2
2,7,0,2,0,2
2,12,0,2,2,0
2,13,2,?,0,2
2,21,0,2,0,?
3,0,0x5394A200,3,1
3,2,0x5394A500,3,1
3,3,0x5394A300,3,1
3,7,0x5394A100,3,1
3,12,0x5394A600,3,1
3,13,0x5394A400,3,1
3,21,0x5394A000,3,1
;
;---------(C1_Turnout)-------
;
1,2,0,2,0
2,1,2,0,2,0
2,5,2,0,2,2
2,6,0,2,0,0
2,9,?,0,2,0
2,17,2,0,?,0
2,18,0,0,2,0
3,0,0x53942200,0,0
3,1,0x53942100,0,0
3,5,0x53942300,0,0
3,6,0x53942500,0,0
3,9,0x53942000,0,0
3,17,0x53942400,0,0
3,18,0x53942600,0,0
;
1,0,2,0,2
2,3,0,2,0,2
2,7,2,2,0,2
2,8,0,0,2,0
2,13,0,?,0,2
2,21,0,2,0,?
2,22,0,0,0,2
3,0,0x53942200,1,0
3,3,0x53942100,1,0
3,7,0x53942300,1,0
3,8,0x53942500,1,0
3,13,0x53942000,1,0
3,21,0x53942400,1,0
3,22,0x53942600,1,0
;
1,2,0,2,0
2,1,2,2,2,0
2,2,0,0,0,2
2,5,2,0,2,0
2,9,?,0,2,0
2,10,2,0,0,0
2,17,2,0,?,0
3,0,0x53942200,2,0
3,1,0x53942300,2,0
3,2,0x53942500,2,0
3,5,0x53942100,2,0
3,9,0x53942400,2,0
3,10,0x53942600,2,0
3,17,0x53942000,2,0
;
1,0,2,0,2
2,3,0,2,2,2
2,4,2,0,0,0
2,7,0,2,0,2
2,13,0,?,0,2
2,14,0,2,0,0
2,21,0,2,0,?
3,0,0x53942200,3,0
3,3,0x53942300,3,0
3,4,0x53942500,3,0
3,7,0x53942100,3,0
3,13,0x53942400,3,0
3,14,0x53942600,3,0
3,21,0x53942000,3,0
;
1,2,0,2,0
2,1,2,0,2,2
2,5,2,0,2,0
2,8,0,2,0,0
2,9,?,0,2,0
2,17,2,0,?,0
2,24,2,0,0,0
3,0,0x53942200,0,1
3,1,0x53942300,0,1
3,5,0x53942100,0,1
3,8,0x53942500,0,1
3,9,0x53942400,0,1
3,17,0x53942000,0,1
3,24,0x53942600,0,1
;
1,0,2,0,2
2,3,0,2,0,2
2,6,2,0,0,0
2,7,0,2,2,2
2,13,0,?,0,2
2,20,0,0,0,2
2,21,0,2,0,?
3,0,0x53942200,1,1
3,3,0x53942100,1,1
3,6,0x53942500,1,1
3,7,0x53942300,1,1
3,13,0x53942000,1,1
3,20,0x53942600,1,1
3,21,0x53942400,1,1
;
1,2,0,2,0
2,1,2,0,2,0
2,4,0,0,0,2
2,5,2,2,2,0
2,9,?,0,2,0
2,16,0,0,2,0
2,17,2,0,?,0
3,0,0x53942200,2,1
3,1,0x53942100,2,1
3,4,0x53942500,2,1
3,5,0x53942300,2,1
3,9,0x53942000,2,1
3,16,0x53942600,2,1
3,17,0x53942400,2,1
;
1,0,2,0,2
2,2,0,0,2,0
2,3,2,2,0,2
2,7,0,2,0,2
2,12,0,2,0,0
2,13,0,?,0,2
2,21,0,2,0,?
3,0,0x53942200,3,1
3,2,0x53942500,3,1
3,3,0x53942300,3,1
3,7,0x53942100,3,1
3,12,0x53942600,3,1
3,13,0x53942400,3,1
3,21,0x53942000,3,1
;
;---------(C2_Turnout_FARR_3_Base)-------
;
;Orthogonal Off FARR3 DTR
;
1,2,0,13,0
2,1,2,0,2,0
2,5,13,0,0,1
2,6,0,1,0,0
2,9,2,0,2,0
2,18,0,0,2,0
3,0,0x5396A200,0,0
3,1,0x5396A100,0,0
3,5,0x5396A300,0,0
3,6,0x5396A400,0,0
3,9,0x5396A000,0,0
;
1,0,2,0,13
2,3,0,2,0,2
2,7,1,13,0,0
2,8,0,0,1,0
2,13,0,2,0,2
2,22,0,0,0,2
3,0,0x5396A200,1,0
3,3,0x5396A100,1,0
3,7,0x5396A300,1,0
3,8,0x5396A400,1,0
3,13,0x5396A000,1,0
;
1,13,0,2,0
2,1,0,1,13,0
2,2,0,0,0,1
2,5,2,0,2,0
2,10,2,0,0,0
2,17,2,0,2,0
3,0,0x5396A200,2,0
3,1,0x5396A300,2,0
3,2,0x5396A400,2,0
3,5,0x5396A100,2,0
3,17,0x5396A000,2,0
;
1,0,13,0,2
2,3,0,0,1,13
2,4,1,0,0,0
2,7,0,2,0,2
2,14,0,2,0,0
2,21,0,2,0,2
3,0,0x5396A200,3,0
3,3,0x5396A300,3,0
3,4,0x5396A400,3,0
3,7,0x5396A100,3,0
3,21,0x5396A000,3,0
;
1,11,0,2,0
2,1,0,0,11,3
2,5,2,0,2,0
2,8,0,3,0,0
2,17,2,0,2,0
2,24,2,0,0,0
3,0,0x5396A200,0,1
3,1,0x5396A300,0,1
3,5,0x5396A100,0,1
3,8,0x5396A400,0,1
3,17,0x5396A000,0,1
;
1,0,2,0,11
2,3,0,2,0,2
2,6,3,0,0,0
2,7,0,11,3,0
2,13,0,2,0,2
2,20,0,0,0,2
3,0,0x5396A200,1,1
3,3,0x5396A100,1,1
3,6,0x5396A400,1,1
3,7,0x5396A300,1,1
3,13,0x5396A000,1,1
;
1,2,0,11,0
2,1,2,0,2,0
2,4,0,0,0,3
2,5,11,3,0,0
2,9,2,0,2,0
2,16,0,0,2,0
3,0,0x5396A200,2,1
3,1,0x5396A100,2,1
3,4,0x5396A400,2,1
3,5,0x5396A300,2,1
3,9,0x5396A000,2,1
;
1,0,11,0,2
2,2,0,0,3,0
2,3,3,0,0,11
2,7,0,2,0,2
2,12,0,2,0,0
2,21,0,2,0,2
3,0,0x5396A200,3,1
3,2,0x5396A400,3,1
3,3,0x5396A300,3,1
3,7,0x5396A100,3,1
3,21,0x5396A000,3,1
;
;FAR_3 Crossings
;
;Orthogonal Rail 1
;
1,2,2,2,2
2,1,2,?,2,?
2,5,2,?,0,?
2,6,0,?,2,?
2,7,0,2,0,2
2,9,0,?,2,?
2,10,2,?,0,?
3,0,0x53740200,0,0
3,7,0x53740300,0,0
;
1,2,2,2,2
2,1,2,0,2,0
2,3,?,2,?,2
2,7,?,2,?,0
2,8,?,0,?,2
2,13,?,0,?,2
2,14,?,2,?,0
3,0,0x53740200,1,0
3,1,0x53740300,1,0
;
1,2,2,2,2
2,1,0,?,2,?
2,2,2,?,0,?
2,3,0,2,0,2
2,5,2,?,2,?
2,17,2,?,0,?
2,18,0,?,2,?
3,0,0x53740200,2,0
3,3,0x53740300,2,0
;
1,2,2,2,2
2,3,?,0,?,2
2,4,?,2,?,0
2,5,2,0,2,0
2,7,?,2,?,2
2,21,?,2,?,0
2,22,?,0,?,2
3,0,0x53740200,3,0
3,5,0x53740300,3,0
;
1,2,2,2,2
2,1,0,?,2,?
2,5,2,?,2,?
2,7,0,2,0,2
2,8,2,?,0,?
2,16,0,?,2,?
2,17,2,?,0,?
3,0,0x53740200,0,1
3,7,0x53740300,0,1
;
1,2,2,2,2
2,3,?,2,?,2
2,5,2,0,2,0
2,6,?,0,?,2
2,7,?,2,?,0
2,12,?,2,?,0
2,13,?,0,?,2
3,0,0x53740200,1,1
3,5,0x53740300,1,1
;
1,2,2,2,2
2,1,2,?,2,?
2,3,0,2,0,2
2,4,0,?,2,?
2,5,2,?,0,?
2,9,0,?,2,?
2,24,2,?,0,?
3,0,0x53740200,2,1
3,3,0x53740300,2,1
;
1,2,2,2,2
2,1,2,0,2,0
2,2,?,2,?,0
2,3,?,0,?,2
2,7,?,2,?,2
2,20,?,0,?,2
2,21,?,2,?,0
3,0,0x53740200,3,1
3,1,0x53740300,3,1
;
;Orthogonal Rail 2
;
1,2,2,0,2
2,1,2,0,2,0
2,6,2,0,2,0
2,7,0,2,2,2
3,0,0x53740400,0,0
3,7,0x53740400,2,0
;
1,2,2,2,0
2,1,2,0,2,2
2,3,0,2,0,2
2,8,0,2,0,2
3,0,0x53740400,1,0
3,1,0x53740400,3,0
;
1,0,2,2,2
2,2,2,0,2,0
2,3,2,2,0,2
2,5,2,0,2,0
3,0,0x53740400,2,0
3,3,0x53740400,0,0
;
1,2,0,2,2
2,4,0,2,0,2
2,5,2,2,2,0
2,7,0,2,0,2
3,0,0x53740400,3,0
3,5,0x53740400,1,0
;
1,0,2,2,2
2,5,2,0,2,0
2,7,2,2,0,2
2,8,2,0,2,0
3,0,0x53740400,0,1
3,7,0x53740400,2,1
;
1,2,2,2,0
2,3,0,2,0,2
2,5,2,0,2,2
2,6,0,2,0,2
3,0,0x53740400,1,1
3,5,0x53740400,3,1
;
1,2,2,0,2
2,1,2,0,2,0
2,3,0,2,2,2
2,4,2,0,2,0
3,0,0x53740400,2,1
3,3,0x53740400,0,1
;
1,2,0,2,2
2,1,2,2,2,0
2,2,0,2,0,2
2,7,0,2,0,2
3,0,0x53740400,3,1
3,1,0x53740400,1,1
;