;
;<>-------Start of FlexPiece Subsection--------
;(Most pieces will contain the "4" flag for curves and turnouts)
;(Some uncomplcated Pieces will use the current Flextrack INRULs containing the "2" flag)
;<----------------------->
;<		  (Curves)
;<----------------------->
;<>-------(R3_Curve)------
;
;<>-------(Section_1)-----
;
1,2,0,0,4
2,1,2,0,2,0
2,6,4,0,4,0
2,7,0,4,4,0
2,9,2,0,2,0
2,18,4,0,0,1
2,19,0,1,3,0
3,0,0x531e4200,0,0
3,1,0x531e4100,0,0
3,7,0x531e4300,0,0
3,9,0x531e4000,0,0
;
1,4,2,0,0
2,1,0,0,4,4
2,3,0,2,0,2
2,8,0,4,0,4
2,13,0,2,0,2
2,22,1,4,0,0
2,23,0,0,1,3
3,0,0x531e4200,1,0
3,1,0x531e4300,1,0
3,3,0x531e4100,1,0
3,13,0x531e4000,1,0
;
1,0,4,2,0
2,2,4,0,4,0
2,3,4,0,0,4
2,5,2,0,2,0
2,10,0,1,4,0
2,11,3,0,0,1
2,17,2,0,2,0
3,0,0x531e4200,2,0
3,3,0x531e4300,2,0
3,5,0x531e4100,2,0
3,17,0x531e4000,2,0
;
1,0,0,4,2
2,4,0,4,0,4
2,5,4,4,0,0
2,7,0,2,0,2
2,14,0,0,1,4
2,15,1,3,0,0
2,21,0,2,0,2
3,0,0x531e4200,3,0
3,5,0x531e4300,3,0
3,7,0x531e4100,3,0
3,21,0x531e4000,3,0
;
1,0,0,2,4
2,5,2,0,2,0
2,7,4,4,0,0
2,8,4,0,4,0
2,17,2,0,2,0
2,23,1,3,0,0
2,24,0,0,4,3
3,0,0x531e4200,0,1
3,5,0x531e4100,0,1
3,7,0x531e4300,0,1
3,17,0x531e4000,0,1
;
1,0,2,4,0
2,3,0,2,0,2
2,5,4,0,0,4
2,6,0,4,0,4
2,13,0,2,0,2
2,19,3,0,0,1
2,20,0,4,3,0
3,0,0x531e4200,1,1
3,3,0x531e4100,1,1
3,5,0x531e4300,1,1
3,13,0x531e4000,1,1
;
1,2,4,0,0
2,1,2,0,2,0
2,3,0,0,4,4
2,4,4,0,4,0
2,9,2,0,2,0
2,15,0,0,1,3
2,16,4,3,0,0
3,0,0x531e4200,2,1
3,1,0x531e4100,2,1
3,3,0x531e4300,2,1
3,9,0x531e4000,2,1
;
1,4,0,0,2
2,1,0,4,4,0
2,2,0,4,0,4
2,7,0,2,0,2
2,11,0,1,3,0
2,12,3,0,0,4
2,21,0,2,0,2
3,0,0x531e4200,3,1
3,1,0x531e4300,3,1
3,7,0x531e4100,3,1
3,21,0x531e4000,3,1
;
;<>-------(Section_2)-----
;
;
1,4,0,4,0
2,1,0,4,4,0
2,2,2,0,0,4
2,5,4,0,0,1
2,6,0,1,3,0
2,10,2,0,2,0
2,18,3,0,0,1
3,0,0x531e4400,0,0
3,5,0x531e4500,0,0
3,6,0x531e4600,0,0
3,18,0x531e4700,0,0
;
1,0,4,0,4
2,3,0,0,4,4
2,4,4,2,0,0
2,7,1,4,0,0
2,8,0,0,1,3
2,14,0,2,0,2
2,22,1,3,0,0
3,0,0x531e4400,1,0
3,7,0x531e4500,1,0
3,8,0x531e4600,1,0
3,22,0x531e4700,1,0
;
1,4,0,4,0
2,1,0,1,4,0
2,2,3,0,0,1
2,5,4,0,0,4
2,6,0,4,2,0
2,10,0,1,3,0
2,18,2,0,2,0
3,0,0x531e4400,2,0
3,1,0x531e4500,2,0
3,2,0x531e4600,2,0
3,10,0x531e4700,2,0
;
1,0,4,0,4
2,3,0,0,1,4
2,4,1,3,0,0
2,7,4,4,0,0
2,8,0,0,4,2
2,14,0,0,1,3
2,22,0,2,0,2
3,0,0x531e4400,3,0
3,3,0x531e4500,3,0
3,4,0x531e4600,3,0
3,14,0x531e4700,3,0
;
1,4,0,4,0
2,1,0,0,4,3
2,4,0,0,2,4
2,5,4,4,0,0
2,8,1,3,0,0
2,16,2,0,2,0
2,24,0,0,1,3
3,0,0x531e4400,0,1
3,1,0x531e4500,0,1
3,8,0x531e4600,0,1
3,24,0x531e4700,0,1
;
1,0,4,0,4
2,2,0,2,4,0
2,3,4,0,0,4
2,6,3,0,0,1
2,7,0,4,3,0
2,12,0,2,0,2
2,20,0,1,3,0
3,0,0x531e4400,1,1
3,6,0x531e4600,1,1
3,7,0x531e4500,1,1
3,20,0x531e4700,1,1
;
1,4,0,4,0
2,1,0,0,4,4
2,4,0,0,1,3
2,5,4,3,0,0
2,8,2,4,0,0
2,16,1,3,0,0
2,24,2,0,2,0
3,0,0x531e4400,2,1
3,4,0x531e4600,2,1
3,5,0x531e4500,2,1
3,16,0x531e4700,2,1
;
1,0,4,0,4
2,2,0,1,3,0
2,3,3,0,0,4
2,6,4,0,0,2
2,7,0,4,4,0
2,12,3,0,0,1
2,20,0,2,0,2
3,0,0x531e4400,3,1
3,2,0x531e4600,3,1
3,3,0x531e4500,3,1
3,12,0x531e4700,3,1
;
;<R3_90 Degree_Curve>
;
1,3,0,0,1
2,1,0,1,3,0
2,2,4,0,0,1
2,6,3,0,0,4
2,7,0,1,3,0
2,10,4,0,4,0
2,20,0,4,0,4
3,0,0x531e4f00,0,0
3,1,0x531e4600,0,0
3,2,0x531e4500,0,0
3,6,0x531e4500,3,1
3,7,0x531e4600,3,1
3,10,0x531e4400,0,0
3,20,0x531e4400,3,1
;
1,1,3,0,0
2,1,0,0,1,3
2,3,0,0,1,3
2,4,1,4,0,0
2,8,4,3,0,0
2,14,0,4,0,4
2,24,4,0,4,0
3,0,0x531e4f00,1,0
3,1,0x531e4600,2,1
3,3,0x531e4600,1,0
3,4,0x531e4500,1,0
3,8,0x531e4500,2,1
3,14,0x531e4400,1,0
3,24,0x531e4400,2,1
;
1,0,1,3,0
2,2,0,4,3,0
2,3,3,0,0,1
2,5,3,0,0,1
2,6,0,1,4,0
2,12,0,4,0,4
2,18,4,0,4,0
3,0,0x531e4f00,2,0
3,2,0x531e4500,1,1
3,3,0x531e4600,1,1
3,5,0x531e4600,2,0
3,6,0x531e4500,2,0
3,12,0x531e4400,1,1
3,18,0x531e4400,2,0
;
1,0,0,1,3
2,4,0,0,4,3
2,5,1,3,0,0
2,7,1,3,0,0
2,8,0,0,1,4
2,16,4,0,4,0
2,22,0,4,0,4
3,0,0x531e4f00,3,0
3,4,0x531e4500,0,1
3,5,0x531e4600,0,1
3,7,0x531e4600,3,0
3,8,0x531e4500,3,0
3,16,0x531e4400,0,1
3,22,0x531e4400,3,0
;<S1_Diagonal>
;
;<>-------(Section_1)-----
;
1,0,4,0,4
2,2,0,1,3,0
2,3,3,0,0,4
2,6,3,0,0,1
2,7,0,4,3,0
2,12,3,0,0,1
2,20,0,1,3,0
3,0,0x531E7700,0,0
;
1,4,0,4,0
2,1,0,0,4,3
2,4,0,0,1,3
2,5,4,3,0,0
2,8,1,3,0,0
2,16,1,3,0,0
2,24,0,0,1,3
3,0,0x531E7700,1,0
;
1,0,4,0,4
2,2,0,1,3,0
2,3,3,0,0,4
2,6,3,0,0,1
2,7,0,4,3,0
2,12,3,0,0,1
2,20,0,1,3,0
3,0,0x531E7700,2,0
;
1,4,0,4,0
2,1,0,0,4,3
2,4,0,0,1,3
2,5,4,3,0,0
2,8,1,3,0,0
2,16,1,3,0,0
2,24,0,0,1,3
3,0,0x531E7700,3,0
;
1,0,4,0,4
2,3,0,0,1,4
2,4,1,3,0,0
2,7,1,4,0,0
2,8,0,0,1,3
2,14,0,0,1,3
2,22,1,3,0,0
3,0,0x531E7700,0,1
;
1,4,0,4,0
2,1,0,1,4,0
2,2,3,0,0,1
2,5,4,0,0,1
2,6,0,1,3,0
2,10,0,1,3,0
2,18,3,0,0,1
3,0,0x531E7700,1,1
;
1,0,4,0,4
2,3,0,0,1,4
2,4,1,3,0,0
2,7,1,4,0,0
2,8,0,0,1,3
2,14,0,0,1,3
2,22,1,3,0,0
3,0,0x531E7700,2,1
;
1,4,0,4,0
2,1,0,1,4,0
2,2,3,0,0,1
2,5,4,0,0,1
2,6,0,1,3,0
2,10,0,1,3,0
2,18,3,0,0,1
3,0,0x531E7700,3,1
;
;<>-------(Section_2)-----
;
1,0,1,3,0
2,3,3,0,0,1
2,5,3,0,0,4
2,6,0,4,0,4
2,19,3,0,0,1
2,20,0,4,3,0
3,0,0x531E7500,0,0
3,3,0x531E7400,0,0
3,5,0x531E7600,0,0
;
1,0,0,1,3
2,5,1,3,0,0
2,7,4,3,0,0
2,8,4,0,4,0
2,23,1,3,0,0
2,24,0,0,4,3
3,0,0x531E7500,1,0
3,5,0x531E7400,1,0
3,7,0x531E7600,1,0
;
1,3,0,0,1
2,1,0,4,3,0
2,2,0,4,0,4
2,7,0,1,3,0
2,11,0,1,3,0
2,12,3,0,0,4
3,0,0x531E7500,2,0
3,1,0x531E7600,2,0
3,7,0x531E7400,2,0
;
1,1,3,0,0
2,1,0,0,1,3
2,3,0,0,4,3
2,4,4,0,4,0
2,15,0,0,1,3
2,16,4,3,0,0
3,0,0x531E7500,3,0
3,1,0x531E7400,3,0
3,3,0x531E7600,3,0
;
1,1,3,0,0
2,1,0,0,1,4
2,3,0,0,1,3
2,8,0,4,0,4
2,22,1,4,0,0
2,23,0,0,1,3
3,0,0x531E7500,0,1
3,1,0x531E7600,0,1
3,3,0x531E7400,0,1
;
1,3,0,0,1
2,1,0,1,3,0
2,6,4,0,4,0
2,7,0,1,4,0
2,18,4,0,0,1
2,19,0,1,3,0
3,0,0x531E7500,1,1
3,1,0x531E7400,1,1
3,7,0x531E7600,1,1
;
1,0,0,1,3
2,4,0,4,0,4
2,5,1,4,0,0
2,7,1,3,0,0
2,14,0,0,1,4
2,15,1,3,0,0
3,0,0x531E7500,2,1
3,5,0x531E7600,2,1
3,7,0x531E7400,2,1
;
1,0,1,3,0
2,2,4,0,4,0
2,3,4,0,0,1
2,5,3,0,0,1
2,10,0,1,4,0
2,11,3,0,0,1
3,0,0x531E7500,3,1
3,3,0x531E7600,3,1
3,5,0x531E7400,3,1
;
;<turnouts>
;
;<A2 type 2 turnout>
;
;<>-------(Section_1)-----
;
1,2,0,4,2
2,1,2,0,2,0
2,5,4,0,2,1
2,6,0,1,4,0
2,7,0,2,0,0
2,9,2,0,2,0
2,17,2,0,2,0
2,18,4,0,2,0
3,0,0x53948900,0,0
3,1,0x53948800,0,0
3,5,0x53948a00,0,0
3,6,0x53948d00,0,0
3,7,0x53948c00,0,0
3,9,0x53948700,0,0
3,17,0x53948b00,0,0
;
1,2,2,0,4
2,1,0,0,2,0
2,3,0,2,0,2
2,7,1,4,0,2
2,8,0,0,1,4
2,13,0,2,0,2
2,21,0,2,0,2
2,22,0,4,0,2
3,0,0x53948900,1,0
3,1,0x53948c00,1,0
3,3,0x53948800,1,0
3,7,0x53948a00,1,0
3,8,0x53948d00,1,0
3,13,0x53948700,1,0
3,21,0x53948b00,1,0
;
1,4,2,2,0
2,1,2,1,4,0
2,2,4,0,0,1
2,3,0,0,0,2
2,5,2,0,2,0
2,9,2,0,2,0
2,10,2,0,4,0
2,17,2,0,2,0
3,0,0x53948900,2,0
3,1,0x53948a00,2,0
3,2,0x53948d00,2,0
3,3,0x53948c00,2,0
3,5,0x53948800,2,0
3,9,0x53948b00,2,0
3,17,0x53948700,2,0
;
1,0,4,2,2
2,3,0,2,1,4
2,4,1,4,0,0
2,5,2,0,0,0
2,7,0,2,0,2
2,13,0,2,0,2
2,14,0,2,0,4
2,21,0,2,0,2
3,0,0x53948900,3,0
3,3,0x53948a00,3,0
3,4,0x53948d00,3,0
3,5,0x53948c00,3,0
3,7,0x53948800,3,0
3,13,0x53948b00,3,0
3,21,0x53948700,3,0
;
1,4,0,2,2
2,1,2,0,4,3
2,5,2,0,2,0
2,7,0,2,0,0
2,8,4,3,0,0
2,9,2,0,2,0
2,17,2,0,2,0
2,24,2,0,4,0
3,0,0x53948900,0,1
3,1,0x53948a00,0,1
3,5,0x53948800,0,1
3,7,0x53948c00,0,1
3,8,0x53948d00,0,1
3,9,0x53948b00,0,1
3,17,0x53948700,0,1
;
1,0,2,2,4
2,3,0,2,0,2
2,5,2,0,0,0
2,6,3,0,0,4
2,7,0,4,3,2
2,13,0,2,0,2
2,20,0,4,0,2
2,21,0,2,0,2
3,0,0x53948900,1,1
3,3,0x53948800,1,1
3,5,0x53948c00,1,1
3,6,0x53948d00,1,1
3,7,0x53948a00,1,1
3,13,0x53948700,1,1
3,21,0x53948b00,1,1
;
1,2,2,4,0
2,1,2,0,2,0
2,3,0,0,0,2
2,4,0,0,4,3
2,5,4,3,2,0
2,9,2,0,2,0
2,16,4,0,2,0
2,17,2,0,2,0
3,0,0x53948900,2,1
3,1,0x53948800,2,1
3,3,0x53948c00,2,1
3,4,0x53948d00,2,1
3,5,0x53948a00,2,1
3,9,0x53948700,2,1
3,17,0x53948b00,2,1
;
1,2,4,0,2
2,1,0,0,2,0
2,2,0,4,3,0
2,3,3,2,0,4
2,7,0,2,0,2
2,12,0,2,0,4
2,13,0,2,0,2
2,21,0,2,0,2
3,0,0x53948900,3,1
3,1,0x53948c00,3,1
3,2,0x53948d00,3,1
3,3,0x53948a00,3,1
3,7,0x53948800,3,1
3,13,0x53948b00,3,1
3,21,0x53948700,3,1
;
;<>-------(Section_2)-----
;
1,4,0,2,0
2,1,0,1,4,0
2,2,4,0,2,1
2,5,2,0,2,0
2,9,0,2,0,0
2,10,2,0,4,2
3,0,0x53948e00,0,0
3,5,0x53948F00,0,0
;
1,0,4,0,2
2,3,0,0,1,4
2,4,1,4,0,2
2,7,0,2,0,2
2,13,0,0,2,0
2,14,2,2,0,4
3,0,0x53948e00,1,0
3,7,0x53948F00,1,0
;
1,2,0,4,0
2,1,2,0,2,0
2,5,4,0,0,1
2,6,2,1,4,0
2,17,0,0,0,2
2,18,4,2,2,0
3,0,0x53948e00,2,0
3,1,0x53948F00,2,0
;
1,0,2,0,4
2,3,0,2,0,2
2,7,1,4,0,0
2,8,0,2,1,4
2,21,2,0,0,0
2,22,0,4,2,2
3,0,0x53948e00,3,0
3,3,0x53948F00,3,0
;
1,2,0,4,0
2,1,2,0,2,0
2,4,2,0,4,3
2,5,4,3,0,0
2,16,4,0,2,2
2,17,0,2,0,0
3,0,0x53948e00,0,1
3,1,0x53948F00,0,1
;
1,0,4,0,2
2,2,0,4,3,2
2,3,3,0,0,4
2,7,0,2,0,2
2,12,0,2,2,4
2,13,2,0,0,0
3,0,0x53948e00,1,1
3,7,0x53948F00,1,1
;
1,4,0,2,0
2,1,0,0,4,3
2,5,2,0,2,0
2,8,4,3,2,0
2,9,0,0,0,2
2,24,2,2,4,0
3,0,0x53948e00,2,1
3,5,0x53948F00,2,1
;
1,0,2,0,4
2,3,0,2,0,2
2,6,3,2,0,4
2,7,0,4,3,0
2,20,2,4,0,2
2,21,0,0,2,0
3,0,0x53948e00,3,1
3,3,0x53948F00,3,1
;
;<end of section.


